2.047041040873907487e+20
2.047041040873907487e+20
2.653489112122347356e+20
2.653489112122347356e+20
3.113676457771535565e+20
3.087577800755306168e+20
1.132821473158551719e+14
3.574138371953807852e+20
3.574138371953807852e+20
4.800436953807740160e+17
1.438208489388264704e+18
2.782671660424469504e+18
9.959550221810237440e+19
1.084481897627964928e+18
1.781398252184768960e+17
3.775202305555555123e+19
1.695684238451935150e+20
9.678214731585518400e+16
1.299712858926342240e+17
9.976217228464420800e+16
8.160986267166043200e+16
2.014136975842696806e+19
1.286117353308364640e+17
1.142627965043695360e+17
9.095562374094880768e+18
1.911416978776529600e+17
1.456814584456928870e+19
4.026466916354557440e+17
3.768102372034956160e+17
7.107740324594256640e+17
7.698026841448190771e+19
1.276435705368289792e+18
1.022996254681647872e+18
2.062721598002496768e+18
2.117652933832709120e+18
8.868456304619226726e+19
1.555779410767790408e+20
2.888938826466916352e+18
9.315649188514357248e+19
3.965106117353308672e+18
-2.367484394506866278e+19
2.455999737091135898e+20
1.531938202247191265e+20
1.474963171036204728e+20
2.425437578027466097e+20
1.972221598002496799e+20
5.976360619631710044e+20
2.926024344569288786e+20
2.047041040873907487e+20
1.721466673882646446e+20
2.559057320923845100e+20
2.559057320923845100e+20
3.087577800755306168e+20
1.257128589263420625e+14
1.010530586766541875e+14
3.399225658158552187e+20
1.314387972222222172e+20
4.420411985018727040e+17
1.438208489388264704e+18
1.212246883445692989e+20
4.399537097940075315e+19
2.127902621722846080e+17
1.497627965043695360e+17
2.891159401622971597e+19
1.027983770287140960e+17
1.664600499375780480e+17
1.739018545817728000e+19
9.976217228464420800e+16
6.522846441947565600e+16
4.144393474219724800e+19
6.619852808988763750e+19
1.142627965043695360e+17
1.819413233458177280e+17
1.911416978776529600e+17
5.451508771161049498e+19
4.026466916354557440e+17
2.573845193508114842e+19
7.227528089887640320e+17
7.698026841448190771e+19
8.151212858926342144e+19
1.022996254681647872e+18
2.062721598002496768e+18
1.265798299026217370e+20
2.392453183520599040e+18
3.003245942571785216e+18
2.888938826466916352e+18
3.875093632958801408e+18
3.965106117353308672e+18
-2.367484394506866278e+19
-3.368907615480648909e+19
-3.077540574282147021e+19
1.474963171036204728e+20
2.425437578027466097e+20
1.972221598002496799e+20
4.536104419469413581e+20
2.926024344569288786e+20
1.721466673882646446e+20
1.500386786454431990e+20
2.559057320923845100e+20
3.087577800755306168e+20
3.294450410911360614e+20
1.132821473158551719e+14
3.399225658158552187e+20
3.399225658158552187e+20
1.314387972222222172e+20
4.420411985018727040e+17
1.169775280898876416e+18
1.212246883445692989e+20
4.399537097940075315e+19
1.781398252184768960e+17
1.296622971285892640e+17
2.302078256516853760e+19
1.027983770287140960e+17
1.664600499375780480e+17
1.739018545817728000e+19
8.305305867665419200e+16
6.522846441947565600e+16
4.144393474219724800e+19
6.619852808988763750e+19
9.372659176029961600e+16
1.865780274656679040e+17
1.911416978776529600e+17
5.451508771161049498e+19
3.909488139825218560e+17
2.573845193508114842e+19
7.227528089887640320e+17
6.407159090199750246e+19
8.151212858926342144e+19
1.214153810555555512e+20
2.062721598002496768e+18
1.265798299026217370e+20
2.392453183520599040e+18
3.003245942571785216e+18
2.888938826466916352e+18
3.875093632958801408e+18
3.965106117353308672e+18
-2.367484394506866278e+19
-3.368907615480648909e+19
-3.077540574282147021e+19
1.474963171036204728e+20
2.425437578027466097e+20
1.972221598002496799e+20
4.536104419469413581e+20
2.926024344569288786e+20
1.500386786454431990e+20
1.604550263339575542e+20
2.428838726822721618e+20
3.294450410911360614e+20
2.724725007952559145e+20
1.010530586766541875e+14
2.754306856466916639e+20
2.754306856466916639e+20
1.321316811398252298e+20
1.438208489388264704e+18
1.169775280898876416e+18
1.061032219038701486e+20
6.733642822097377690e+19
1.781398252184768960e+17
1.296622971285892640e+17
3.159018391323345715e+19
8.442134831460673600e+16
1.299712858926342240e+17
3.655967063439450931e+19
8.305305867665419200e+16
5.121020599250935808e+19
1.378133583021223520e+17
1.310199750312109760e+17
9.372659176029961600e+16
1.865780274656679040e+17
1.987284644194756480e+17
4.010362047440699520e+17
3.909488139825218560e+17
8.637257705118603674e+19
7.227528089887640320e+17
4.271041734956304794e+19
8.151212858926342144e+19
1.792167766279650345e+20
2.125780274656679168e+18
1.968744387034955776e+20
2.392453183520599040e+18
3.003245942571785216e+18
2.888938826466916352e+18
3.875093632958801408e+18
3.965106117353308672e+18
-2.367484394506866278e+19
-3.368907615480648909e+19
-3.077540574282147021e+19
1.474963171036204728e+20
3.394924469413233951e+20
1.972221598002496799e+20
2.512047170212234854e+20
2.926024344569288786e+20
1.604550263339575542e+20
1.692377986298377339e+20
1.692377986298377339e+20
2.724725007952559145e+20
2.692677520636704195e+20
1.010530586766541875e+14
2.174144739975031685e+20
1.729256958139824865e+20
1.729256958139824865e+20
1.438208489388264704e+18
2.782671660424469504e+18
5.646383149438203494e+19
1.084481897627964928e+18
1.781398252184768960e+17
1.296622971285892640e+17
4.671251516354556723e+19
8.442134831460673600e+16
1.299712858926342240e+17
2.936334452372035174e+19
8.305305867665419200e+16
5.121020599250935808e+19
1.378133583021223520e+17
1.310199750312109760e+17
1.664809202933833114e+19
1.865780274656679040e+17
1.987284644194756480e+17
4.010362047440699520e+17
3.909488139825218560e+17
6.473487413920098714e+19
7.403870162297128960e+17
6.626176209300874035e+19
1.195318352059924992e+18
1.106003046504369521e+20
2.125780274656679168e+18
1.782718169107365560e+20
2.392453183520599040e+18
3.003245942571785216e+18
2.888938826466916352e+18
3.875093632958801408e+18
1.951314793114856325e+20
-2.367484394506866278e+19
-3.368907615480648909e+19
-3.077540574282147021e+19
1.474963171036204728e+20
3.394924469413233951e+20
1.972221598002496799e+20
5.897733630511860285e+20
2.926024344569288786e+20
1.315324274469413356e+20
1.823320654943820186e+20
1.692377986298377339e+20
2.692677520636704195e+20
1.908657433264669327e+20
2.879831009363296256e+20
2.879831009363296256e+20
1.309019534837702656e+20
1.309019534837702656e+20
1.169775280898876416e+18
1.226204922478152253e+20
3.977537312359550976e+19
1.084481897627964928e+18
1.497627965043695360e+17
4.271319637265917542e+19
3.407855766604244582e+19
8.442134831460673600e+16
1.299712858926342240e+17
1.887339447627964826e+19
8.160986267166043200e+16
5.121020599250935808e+19
1.286117353308364640e+17
1.310199750312109760e+17
3.376332885455679488e+19
1.865780274656679040e+17
1.987284644194756480e+17
4.010362047440699520e+17
3.909488139825218560e+17
7.885851886017478656e+19
7.403870162297128960e+17
9.471077813545569485e+19
1.195318352059924992e+18
8.293776529338327040e+19
2.125780274656679168e+18
1.435084048439450665e+20
1.744522284644194714e+20
3.003245942571785216e+18
2.888938826466916352e+18
3.875093632958801408e+18
2.940955329956304978e+20
6.934644194756554752e+19
-3.368907615480648909e+19
-3.077540574282147021e+19
1.215992509363295232e+19
3.394924469413233951e+20
1.972221598002496799e+20
4.452639996766540923e+20
2.926024344569288786e+20
1.315324274469413356e+20
1.823320654943820186e+20
1.823320654943820186e+20
2.302209406791510917e+20
1.452109277602995896e+20
2.879831009363296256e+20
2.879831009363296256e+20
8.627896780212233830e+19
4.420411985018727040e+17
1.169775280898876416e+18
1.226204922478152253e+20
3.977537312359550976e+19
2.127902621722846080e+17
1.497627965043695360e+17
4.271319637265917542e+19
1.027983770287140960e+17
9.678214731585518400e+16
8.651186017478152000e+16
1.887339447627964826e+19
8.160986267166043200e+16
5.121020599250935808e+19
1.286117353308364640e+17
1.310199750312109760e+17
3.376332885455679488e+19
1.871891385767790080e+17
1.786860174781523200e+17
4.010362047440699520e+17
3.949188514357054080e+17
7.885851886017478656e+19
7.403870162297128960e+17
9.471077813545569485e+19
1.195318352059924992e+18
8.293776529338327040e+19
2.125780274656679168e+18
2.365168539325842944e+18
1.744522284644194714e+20
3.003245942571785216e+18
2.848389513108614144e+18
3.875093632958801408e+18
2.940955329956304978e+20
6.934644194756554752e+19
-3.368907615480648909e+19
-3.077540574282147021e+19
1.215992509363295232e+19
3.394924469413233951e+20
1.972221598002496799e+20
4.452639996766540923e+20
2.926024344569288786e+20
1.092897790586766623e+20
1.703894632078651884e+20
2.302209406791510917e+20
1.908657433264669327e+20
1.593751044544319652e+20
2.519194249444444733e+20
2.519194249444444733e+20
1.313775948857677742e+20
4.420411985018727040e+17
1.169775280898876416e+18
1.202215432840199864e+20
4.895975803308364595e+19
2.127902621722846080e+17
1.497627965043695360e+17
4.505090342322097357e+19
1.027983770287140960e+17
9.678214731585518400e+16
4.587262108988764160e+19
1.734166123845193728e+19
8.160986267166043200e+16
5.739950062421972000e+16
1.286117353308364640e+17
1.181772784019975200e+17
1.216593451248439501e+19
1.871891385767790080e+17
1.786860174781523200e+17
4.400000000000000000e+17
3.949188514357054080e+17
7.439700374531834880e+17
7.403870162297128960e+17
9.192460799937578598e+19
1.195318352059924992e+18
1.021906480455680328e+20
2.125780274656679168e+18
2.365168539325842944e+18
1.744522284644194714e+20
3.076847690387016192e+18
2.848389513108614144e+18
3.875093632958801408e+18
2.751587041011236209e+20
6.934644194756554752e+19
-3.368907615480648909e+19
-3.077540574282147021e+19
1.215992509363295232e+19
3.394924469413233951e+20
1.972221598002496799e+20
4.124100581086142792e+20
2.926024344569288786e+20
9.332593635330836070e+19
1.589031952977528095e+20
1.908657433264669327e+20
1.452109277602995896e+20
1.102889676104868823e+20
2.136897038239700091e+20
2.136897038239700091e+20
1.313775948857677742e+20
4.420411985018727040e+17
1.169775280898876416e+18
1.073971920867665347e+20
4.019064421161049293e+19
2.127902621722846080e+17
1.296622971285892640e+17
2.937098290262172467e+19
1.027983770287140960e+17
9.678214731585518400e+16
5.185550333458177229e+19
1.540855056179775283e+19
6.522846441947565600e+16
5.739950062421972000e+16
1.286117353308364640e+17
1.181772784019975200e+17
2.977691514357053850e+19
1.871891385767790080e+17
1.786860174781523200e+17
4.400000000000000000e+17
3.949188514357054080e+17
7.439700374531834880e+17
7.403870162297128960e+17
3.244251619725343130e+19
1.195318352059924992e+18
1.028966406791510426e+20
2.125780274656679168e+18
2.365168539325842944e+18
1.744522284644194714e+20
3.076847690387016192e+18
2.848389513108614144e+18
3.801722846441947648e+18
3.010496803682897101e+20
6.934644194756554752e+19
-3.368907615480648909e+19
-3.077540574282147021e+19
1.215992509363295232e+19
3.394924469413233951e+20
1.972221598002496799e+20
4.179406449550561772e+20
2.926024344569288786e+20
8.636848588701622272e+19
1.117102961235955057e+20
1.452109277602995896e+20
1.593751044544319652e+20
1.921528934126092616e+20
2.136897038239700091e+20
1.921528934126092616e+20
1.194035651760299868e+20
1.438208489388264704e+18
2.782671660424469504e+18
8.256605387765293056e+19
3.472184258426966016e+19
2.127902621722846080e+17
1.296622971285892640e+17
4.019265171098625638e+19
8.442134831460673600e+16
1.664600499375780480e+17
3.482412891760300032e+19
9.976217228464420800e+16
6.522846441947565600e+16
5.837402558676654490e+19
6.619852808988763750e+19
1.181772784019975200e+17
4.129072186267165491e+19
1.871891385767790080e+17
3.033659747752808858e+19
4.400000000000000000e+17
3.949188514357054080e+17
7.439700374531834880e+17
7.123033707865168640e+17
1.219612983770287104e+18
1.195318352059924992e+18
1.785187265917603072e+18
2.062659176029962496e+18
2.365168539325842944e+18
1.744522284644194714e+20
3.076847690387016192e+18
2.848389513108614144e+18
3.801722846441947648e+18
1.764576703995005829e+20
6.934644194756554752e+19
-3.368907615480648909e+19
-3.077540574282147021e+19
1.215992509363295232e+19
3.394924469413233951e+20
1.972221598002496799e+20
4.003907073932583895e+20
2.926024344569288786e+20
8.636848588701622272e+19
1.117102961235955057e+20
1.452109277602995896e+20
1.102889676104868823e+20
1.921528934126092616e+20
1.921528934126092616e+20
1.194035651760299868e+20
8.468248376342072525e+19
1.438208489388264704e+18
8.256605387765293056e+19
8.256605387765293056e+19
4.438484288576779059e+19
1.781398252184768960e+17
1.296622971285892640e+17
3.092887010424469504e+19
8.442134831460673600e+16
1.664600499375780480e+17
3.482412891760300032e+19
9.976217228464420800e+16
6.522846441947565600e+16
5.837402558676654490e+19
6.619852808988763750e+19
1.181772784019975200e+17
4.129072186267165491e+19
1.760430711610486720e+17
3.033659747752808858e+19
4.400000000000000000e+17
3.949188514357054080e+17
7.439700374531834880e+17
7.123033707865168640e+17
1.219612983770287104e+18
8.088971910112359219e+19
1.785187265917603072e+18
2.062659176029962496e+18
2.365168539325842944e+18
1.744522284644194714e+20
3.076847690387016192e+18
2.848389513108614144e+18
3.801722846441947648e+18
1.074756122428214477e+20
6.934644194756554752e+19
-3.368907615480648909e+19
-3.077540574282147021e+19
1.215992509363295232e+19
3.394924469413233951e+20
1.972221598002496799e+20
4.003907073932583895e+20
2.926024344569288786e+20
8.978227794382022246e+19
8.125666810861423821e+19
1.593751044544319652e+20
8.218464827652934861e+19
1.192483962596754063e+20
1.192483962596754063e+20
8.468248376342072525e+19
9.129276271161050726e+19
1.438208489388264704e+18
9.523770788951310336e+19
9.523770788951310336e+19
1.084481897627964928e+18
1.781398252184768960e+17
4.137352658551810458e+19
4.556305043508115866e+19
8.442134831460673600e+16
1.664600499375780480e+17
2.441499195131086438e+19
9.976217228464420800e+16
6.522846441947565600e+16
9.697262818976278528e+18
6.619852808988763750e+19
1.181772784019975200e+17
1.819413233458177280e+17
1.760430711610486720e+17
5.097004318601747661e+19
4.603995006242197120e+17
3.768102372034956160e+17
6.830649188514357760e+17
7.123033707865168640e+17
1.219612983770287104e+18
8.088971910112359219e+19
1.785187265917603072e+18
2.062659176029962496e+18
2.365168539325842944e+18
1.744522284644194714e+20
3.076847690387016192e+18
2.848389513108614144e+18
3.801722846441947648e+18
2.818264151423220777e+20
6.934644194756554752e+19
-3.368907615480648909e+19
-3.077540574282147021e+19
1.215992509363295232e+19
3.394924469413233951e+20
1.972221598002496799e+20
3.405754945187266560e+20
2.926024344569288786e+20
6.381140331460675174e+19
1.045146180524344607e+20
1.102889676104868823e+20
8.010874432397002342e+19
1.174674731023720284e+20
1.174674731023720284e+20
9.129276271161050726e+19
7.496213515043697459e+19
1.438208489388264704e+18
7.612410705805243187e+19
3.715456875405742080e+19
2.127902621722846080e+17
1.781398252184768960e+17
3.859294023720348877e+19
2.106412740449438106e+19
8.442134831460673600e+16
1.664600499375780480e+17
4.163072642322097152e+18
9.976217228464420800e+16
6.522846441947565600e+16
1.301763806491885158e+19
6.619852808988763750e+19
1.142627965043695360e+17
1.819413233458177280e+17
1.760430711610486720e+17
1.978278376154807091e+19
4.603995006242197120e+17
3.768102372034956160e+17
6.830649188514357760e+17
7.123033707865168640e+17
1.219612983770287104e+18
8.088971910112359219e+19
1.785187265917603072e+18
2.062659176029962496e+18
2.365168539325842944e+18
1.744522284644194714e+20
3.076847690387016192e+18
2.848389513108614144e+18
3.801722846441947648e+18
1.692702185081148539e+20
6.934644194756554752e+19
-3.368907615480648909e+19
-3.077540574282147021e+19
1.215992509363295232e+19
3.394924469413233951e+20
1.972221598002496799e+20
1.873158371785268593e+20
2.926024344569288786e+20
6.292741890199749427e+19
8.218464827652934861e+19
8.218464827652934861e+19
8.010874432397002342e+19
9.186448223096129126e+19
9.186448223096129126e+19
7.496213515043697459e+19
6.485725989076154778e+19
1.169775280898876416e+18
7.997641378589263462e+19
4.922641700686642381e+19
2.127902621722846080e+17
1.497627965043695360e+17
2.439864118539325850e+19
2.437846573907615334e+19
9.678214731585518400e+16
1.299712858926342240e+17
2.306799521785268634e+19
8.305305867665419200e+16
5.121020599250935808e+19
-3.639336641697871360e+17
6.619852808988763750e+19
1.142627965043695360e+17
1.819413233458177280e+17
1.760430711610486720e+17
6.233869533083646362e+19
4.603995006242197120e+17
3.768102372034956160e+17
6.830649188514357760e+17
7.123033707865168640e+17
1.219612983770287104e+18
8.088971910112359219e+19
1.785187265917603072e+18
2.062659176029962496e+18
2.369656679151061504e+18
2.786604244694132224e+18
3.076847690387016192e+18
2.848389513108614144e+18
3.801722846441947648e+18
1.980598824157303276e+20
6.934644194756554752e+19
-3.669700374531835085e+19
-3.077540574282147021e+19
1.215992509363295232e+19
3.394924469413233951e+20
1.972221598002496799e+20
2.930180128776529510e+20
2.926024344569288786e+20
6.292741890199749427e+19
8.218464827652934861e+19
8.010874432397002342e+19
8.010874432397002342e+19
9.186448223096129126e+19
9.186448223096129126e+19
6.485725989076154778e+19
4.420411985018727040e+17
1.169775280898876416e+18
7.997641378589263462e+19
4.922641700686642381e+19
2.127902621722846080e+17
1.497627965043695360e+17
2.439864118539325850e+19
2.437846573907615334e+19
9.678214731585518400e+16
1.299712858926342240e+17
2.306799521785268634e+19
8.305305867665419200e+16
5.121020599250935808e+19
-3.639336641697871360e+17
1.310199750312109760e+17
1.142627965043695360e+17
1.865780274656679040e+17
1.760430711610486720e+17
1.934088217228464538e+19
4.603995006242197120e+17
3.768102372034956160e+17
6.830649188514357760e+17
7.123033707865168640e+17
1.317771535580524288e+18
8.088971910112359219e+19
1.785187265917603072e+18
2.062659176029962496e+18
2.369656679151061504e+18
2.786604244694132224e+18
3.076847690387016192e+18
5.409610466104868045e+19
3.801722846441947648e+18
1.980598824157303276e+20
6.934644194756554752e+19
-3.669700374531835085e+19
-3.077540574282147021e+19
1.215992509363295232e+19
3.394924469413233951e+20
1.972221598002496799e+20
2.930180128776529510e+20
2.926024344569288786e+20
1.275961051186017485e+19
8.010874432397002342e+19
8.010874432397002342e+19
7.206847457553058202e+19
7.206847457553058202e+19
7.206847457553058202e+19
6.485725989076154778e+19
1.438208489388264704e+18
3.490400151622970982e+19
3.490400151622970982e+19
3.745642717852684288e+19
2.127902621722846080e+17
1.497627965043695360e+17
3.233607115480649728e+19
8.486588830212233216e+18
9.678214731585518400e+16
1.299712858926342240e+17
1.160324641635455590e+19
8.305305867665419200e+16
5.121020599250935808e+19
3.050057899188514406e+19
1.310199750312109760e+17
1.142627965043695360e+17
1.865780274656679040e+17
1.911416978776529600e+17
-5.722701362047440896e+18
4.603995006242197120e+17
4.474615914481896653e+19
6.830649188514357760e+17
7.698026841448190771e+19
1.317771535580524288e+18
8.088971910112359219e+19
1.870518102372034816e+18
2.062659176029962496e+18
2.369656679151061504e+18
2.786604244694132224e+18
3.076847690387016192e+18
1.166285559132334490e+20
3.801722846441947648e+18
1.301279565337078661e+20
6.934644194756554752e+19
-3.669700374531835085e+19
-3.095786516853932442e+19
1.215992509363295232e+19
3.394924469413233951e+20
1.972221598002496799e+20
2.261740860237203702e+20
2.926024344569288786e+20
