-1.208456641053787226e+28
-1.248950603732162273e+28
-1.053736553238199749e+28
-9.216289791437980430e+27
-8.448825466520308203e+27
-6.678024149286498769e+27
0.000000000000000000e+00
-2.604763995609220722e+31
-2.366630076838638620e+31
0.000000000000000000e+00
-5.237793633369922846e+31
-2.472745554335894717e+32
-3.465804610318331031e+31
-8.169879253567508027e+30
0.000000000000000000e+00
-4.534474709110867330e+33
0.000000000000000000e+00
-4.376487376509329775e+30
0.000000000000000000e+00
-5.321536772777167456e+30
-1.465778562019758280e+33
0.000000000000000000e+00
-7.892272228320527424e+30
-9.982063666300767612e+30
0.000000000000000000e+00
0.000000000000000000e+00
-2.870759604829857462e+31
0.000000000000000000e+00
0.000000000000000000e+00
-5.591268935236004127e+31
-1.841784193194292038e+33
-8.962985729967069075e+31
-4.634828979143798219e+33
-1.537903402854006592e+32
0.000000000000000000e+00
0.000000000000000000e+00
-2.167760702524697973e+32
0.000000000000000000e+00
-2.752234906695938912e+32
0.000000000000000000e+00
0.000000000000000000e+00
-3.953872667398463394e+32
-3.641038419319428759e+32
0.000000000000000000e+00
0.000000000000000000e+00
-4.406888100987924683e+34
-6.632524017563117537e+34
-6.933948671789240960e+34
-1.208456641053787226e+28
-1.248950603732162273e+28
-3.558572996706915724e+32
-9.216289791437980430e+27
-8.448825466520308203e+27
-6.678024149286498769e+27
-5.252338090010975859e+27
-2.604763995609220722e+31
-2.366630076838638620e+31
-3.501866081229418384e+31
-5.237793633369922846e+31
-1.641532381997804880e+32
-3.465804610318331031e+31
-8.169879253567508027e+30
-6.131064763995608699e+30
-4.534474709110867330e+33
-4.349813391877058644e+30
-4.376487376509329775e+30
0.000000000000000000e+00
-5.321536772777167456e+30
-1.465778562019758280e+33
0.000000000000000000e+00
-7.892272228320527424e+30
-1.836917672886936907e+31
0.000000000000000000e+00
-1.355073545554335766e+31
-2.870759604829857462e+31
0.000000000000000000e+00
0.000000000000000000e+00
-5.591268935236004127e+31
-2.625494182217343693e+33
-8.962985729967069075e+31
-4.197385071350164028e+33
-1.537903402854006592e+32
0.000000000000000000e+00
0.000000000000000000e+00
-2.167760702524697973e+32
0.000000000000000000e+00
-2.752234906695938912e+32
0.000000000000000000e+00
0.000000000000000000e+00
-3.953872667398463394e+32
-3.641038419319428759e+32
0.000000000000000000e+00
0.000000000000000000e+00
-4.406888100987924683e+34
-8.331376728869375164e+34
-6.933948671789240960e+34
-1.127653128430296174e+33
-1.248950603732162273e+28
-1.591773874862788138e+33
-9.216289791437980430e+27
-8.448825466520308203e+27
-6.678024149286498769e+27
-5.569725576289791736e+27
-4.744412733260152736e+32
-2.366630076838638620e+31
-3.501866081229418384e+31
-5.237793633369922846e+31
-3.225330406147091039e+32
-3.465804610318331031e+31
-8.169879253567508027e+30
-6.131064763995608699e+30
-4.534474709110867330e+33
-4.349813391877058644e+30
-4.376487376509329775e+30
-7.768057080131721994e+32
-5.321536772777167456e+30
-1.465778562019758280e+33
0.000000000000000000e+00
-7.892272228320527424e+30
-1.407270911086717893e+33
0.000000000000000000e+00
-1.355073545554335766e+31
-2.870759604829857462e+31
-2.619866081229417995e+31
0.000000000000000000e+00
-5.591268935236004127e+31
-4.886801317233808002e+33
-8.962985729967069075e+31
-1.415611372118550923e+34
-1.537903402854006592e+32
0.000000000000000000e+00
0.000000000000000000e+00
-2.167760702524697973e+32
0.000000000000000000e+00
-2.752234906695938912e+32
0.000000000000000000e+00
0.000000000000000000e+00
-3.953872667398463394e+32
-3.641038419319428759e+32
0.000000000000000000e+00
0.000000000000000000e+00
-4.406888100987924683e+34
-1.030303688254665285e+35
-6.933948671789240960e+34
-2.916623490669593598e+33
-1.248950603732162273e+28
-1.918774972557629102e+33
-9.216289791437980430e+27
-8.448825466520308203e+27
-6.678024149286498769e+27
-5.569725576289791736e+27
-1.033556531284302761e+33
-2.366630076838638620e+31
-3.501866081229418384e+31
-5.237793633369922846e+31
-1.012812294182217293e+33
-3.465804610318331031e+31
-8.169879253567508027e+30
-6.131064763995608699e+30
-4.534474709110867330e+33
-4.349813391877058644e+30
-4.376487376509329775e+30
-6.509822173435784458e+31
-5.321536772777167456e+30
-1.465778562019758280e+33
-8.776136114160262730e+30
-7.892272228320527424e+30
-7.661929747530184986e+32
-1.335034028540065654e+31
-1.355073545554335766e+31
-2.870759604829857462e+31
-2.619866081229417995e+31
-3.008082985729966673e+33
-5.591268935236004127e+31
-1.285372360043907724e+34
-8.962985729967069075e+31
-6.429518111964873880e+33
-1.537903402854006592e+32
0.000000000000000000e+00
0.000000000000000000e+00
-2.167760702524697973e+32
-2.112162458836443500e+32
-2.752234906695938912e+32
0.000000000000000000e+00
0.000000000000000000e+00
-3.953872667398463394e+32
-3.641038419319428759e+32
0.000000000000000000e+00
0.000000000000000000e+00
-4.406888100987924683e+34
-9.815324259055980337e+34
-6.933948671789240960e+34
-3.927650933040614271e+33
-1.248950603732162273e+28
-3.362742041712404173e+33
-3.071231613611416178e+33
-8.448825466520308203e+27
-6.678024149286498769e+27
-5.569725576289791736e+27
-2.482035126234906679e+33
-2.366630076838638620e+31
-3.501866081229418384e+31
-5.237793633369922846e+31
-1.991038419319429309e+33
-3.465804610318331031e+31
-8.169879253567508027e+30
-7.025203073545553088e+30
-4.534474709110867330e+33
-4.349813391877058644e+30
-4.376487376509329775e+30
-7.976797451152577522e+31
-5.321536772777167456e+30
-1.465778562019758280e+33
-8.776136114160262730e+30
-7.892272228320527424e+30
-8.462327113062568641e+31
-1.335034028540065654e+31
-1.355073545554335766e+31
-2.870759604829857462e+31
-2.619866081229417995e+31
-7.269927332601536049e+33
-5.591268935236004127e+31
-1.940528452250274206e+34
-8.962985729967069075e+31
-1.845290954994511678e+34
-1.537903402854006592e+32
-2.618389110867178725e+34
0.000000000000000000e+00
-2.167760702524697973e+32
-2.112162458836443500e+32
-2.752234906695938912e+32
0.000000000000000000e+00
0.000000000000000000e+00
-3.953872667398463394e+32
-3.641038419319428759e+32
0.000000000000000000e+00
0.000000000000000000e+00
-4.406888100987924683e+34
-1.553044061470910816e+35
-6.933948671789240960e+34
-2.361304281009879587e+34
-2.406561800219538829e+34
-1.500922941822173140e+34
-9.721819978046102867e+33
-8.448825466520308203e+27
-6.678024149286498769e+27
-5.569725576289791736e+27
-2.012302744237102114e+34
-2.366630076838638620e+31
-3.501866081229418384e+31
-5.237793633369922846e+31
-1.655308452250274275e+34
-3.465804610318331031e+31
-8.637145993413831365e+30
-7.025203073545553088e+30
-4.534474709110867330e+33
-4.349813391877058644e+30
-4.376487376509329775e+30
-8.191832711306256861e+33
-4.918419319429199091e+30
-1.465778562019758280e+33
-8.776136114160262730e+30
-7.892272228320527424e+30
-6.569791437980241268e+30
-1.335034028540065654e+31
-1.355073545554335766e+31
-2.870759604829857462e+31
-2.619866081229417995e+31
-5.664176904500548259e+34
-5.591268935236004127e+31
-1.528505883644347067e+34
0.000000000000000000e+00
-7.285457387486276992e+34
-1.537903402854006592e+32
-1.906445532381997701e+35
-1.733209659714599330e+32
-2.167760702524697973e+32
-2.112162458836443500e+32
-2.752234906695938912e+32
0.000000000000000000e+00
0.000000000000000000e+00
-3.953872667398463394e+32
-3.641038419319428759e+32
0.000000000000000000e+00
0.000000000000000000e+00
-4.406888100987924683e+34
-8.333427530186608023e+35
-6.933948671789240960e+34
-2.516473326015367033e+34
-2.106118990120746495e+34
-2.106118990120746495e+34
-3.124863885839736842e+34
-8.448825466520308203e+27
-6.678024149286498769e+27
-5.569725576289791736e+27
-2.205782875960483349e+34
-2.366630076838638620e+31
-3.501866081229418384e+31
-5.237793633369922846e+31
-3.957271569703622680e+34
-3.465804610318331031e+31
-8.637145993413831365e+30
-7.025203073545553088e+30
-4.534474709110867330e+33
-4.349813391877058644e+30
-4.376487376509329775e+30
-1.109269835345773801e+34
-4.918419319429199091e+30
-1.465778562019758280e+33
-8.776136114160262730e+30
-7.892272228320527424e+30
-6.569791437980241268e+30
-1.335034028540065654e+31
-1.355073545554335766e+31
-2.870759604829857462e+31
-2.619866081229417995e+31
-3.701417541163556507e+34
-5.591268935236004127e+31
-5.205627837541164420e+34
0.000000000000000000e+00
-1.090983852908891334e+35
-1.537903402854006592e+32
-1.026678836443468841e+35
-1.733209659714599330e+32
-2.167760702524697973e+32
-2.112162458836443500e+32
-2.752234906695938912e+32
0.000000000000000000e+00
-2.776103183315037914e+32
-3.953872667398463394e+32
-3.641038419319428759e+32
0.000000000000000000e+00
0.000000000000000000e+00
-4.406888100987924683e+34
-6.556417277716795369e+35
-6.933948671789240960e+34
-2.191759385290888903e+34
-2.098618002195389583e+34
-2.098618002195389583e+34
-1.820458836443468371e+35
-8.945268935236005343e+27
-7.798748627881448168e+27
-5.569725576289791736e+27
-6.073833809001097218e+34
-2.366630076838638620e+31
-3.501866081229418384e+31
-2.864500548847420360e+31
-6.298423051591658019e+34
-3.465804610318331031e+31
-8.637145993413831365e+30
-7.025203073545553088e+30
-4.534474709110867330e+33
-4.349813391877058644e+30
-4.376487376509329775e+30
-1.608321668496157974e+34
-4.918419319429199091e+30
-1.465778562019758280e+33
-8.776136114160262730e+30
-7.892272228320527424e+30
-6.569791437980241268e+30
-1.335034028540065654e+31
-1.355073545554335766e+31
-2.870759604829857462e+31
-2.619866081229417995e+31
-6.165389374313940335e+34
-5.439481888035126284e+31
-3.179272074643248649e+34
-7.668023490669594042e+33
-8.444606761800218911e+34
-1.537903402854006592e+32
-9.322351701427001858e+34
-1.733209659714599330e+32
-2.167760702524697973e+32
-2.112162458836443500e+32
-2.752234906695938912e+32
-3.008329308452249912e+32
-2.776103183315037914e+32
-3.953872667398463394e+32
-3.641038419319428759e+32
-4.182584851811196620e+34
0.000000000000000000e+00
-4.406888100987924683e+34
-7.413052074643248315e+35
-6.933948671789240960e+34
-2.019015367727771520e+34
-2.143398902305159124e+34
-2.325122502744236999e+34
-1.651637541163556395e+35
-8.945268935236005343e+27
-7.798748627881448168e+27
-5.569725576289791736e+27
-1.356505159165751912e+35
-2.604763995609220722e+31
-3.501866081229418384e+31
-2.864500548847420360e+31
-3.011825905598243598e+34
-1.159163556531284449e+31
-8.637145993413831365e+30
-7.025203073545553088e+30
-8.064602195389680400e+33
-4.349813391877058644e+30
-4.376487376509329775e+30
-9.372782875960483092e+33
-4.918419319429199091e+30
-4.779284302963775871e+30
-8.776136114160262730e+30
-2.302218704720087988e+33
-6.569791437980241268e+30
-1.335034028540065654e+31
-1.355073545554335766e+31
-2.870759604829857462e+31
-2.619866081229417995e+31
-3.767683644346872222e+34
-5.439481888035126284e+31
-4.142994862788144852e+34
-7.668023490669594042e+33
-1.117781448957189831e+35
-1.537903402854006592e+32
-1.113545356750823214e+35
-1.733209659714599330e+32
-2.167760702524697973e+32
-2.112162458836443500e+32
-2.752234906695938912e+32
-3.008329308452249912e+32
-2.776103183315037914e+32
-3.953872667398463394e+32
-3.641038419319428759e+32
-4.182584851811196620e+34
0.000000000000000000e+00
-4.406888100987924683e+34
-8.202821602634467458e+35
-6.933948671789240960e+34
-1.771399121844127215e+34
-1.075766410537870273e+35
-1.075766410537870273e+35
-1.461043688254665303e+35
-1.799312623490669546e+35
-7.798748627881448168e+27
-5.569725576289791736e+27
-1.494507793633369921e+35
-4.421711745334796601e+34
-2.081031833150384061e+31
-2.864500548847420360e+31
-2.655772338090010997e+34
-1.159163556531284449e+31
-8.637145993413831365e+30
-7.025203073545553088e+30
-5.663910208562020138e+33
-4.349813391877058644e+30
-4.515345773874862626e+30
-4.638630076838639215e+33
-4.918419319429199091e+30
-4.779284302963775871e+30
-8.776136114160262730e+30
-2.302218704720087988e+33
-6.569791437980241268e+30
-1.335034028540065654e+31
-1.355073545554335766e+31
-2.870759604829857462e+31
-2.619866081229417995e+31
-1.438405356750823149e+34
-5.439481888035126284e+31
-2.744964720087815372e+34
-7.668023490669594042e+33
-4.598815784851810411e+34
-1.509279912184412590e+32
-1.547125027442370904e+35
-1.733209659714599330e+32
-2.167760702524697973e+32
-2.112162458836443500e+32
-2.752234906695938912e+32
-3.008329308452249912e+32
-2.776103183315037914e+32
-3.953872667398463394e+32
-3.641038419319428759e+32
-4.182584851811196620e+34
0.000000000000000000e+00
-4.406888100987924683e+34
-5.604098880351262334e+35
-6.933948671789240960e+34
-8.545795828759603548e+34
-9.555165751920966139e+34
-1.075766410537870273e+35
-1.461043688254665303e+35
-1.461043688254665303e+35
-7.798748627881448168e+27
-6.678024149286498769e+27
-1.556440351262349167e+35
-4.421711745334796601e+34
-2.081031833150384061e+31
-2.864500548847420360e+31
-5.173507354555433634e+34
-1.159163556531284449e+31
-8.637145993413831365e+30
-7.025203073545553088e+30
-7.643172557628978199e+33
-5.187991218441272938e+30
-4.515345773874862626e+30
-5.136570801317234408e+32
-4.918419319429199091e+30
-4.779284302963775871e+30
-7.879749286498355016e+33
-2.302218704720087988e+33
-6.569791437980241268e+30
-1.335034028540065654e+31
-1.355073545554335766e+31
-1.179363512623490470e+34
-2.619866081229417995e+31
-4.579156531284303058e+33
-5.439481888035126284e+31
-3.942689769484083486e+34
-7.668023490669594042e+33
-4.598815784851810411e+34
-1.509279912184412590e+32
-1.547125027442370904e+35
-1.733209659714599330e+32
-2.167760702524697973e+32
-2.112162458836443500e+32
-2.752234906695938912e+32
-3.008329308452249912e+32
-2.776103183315037914e+32
-3.953872667398463394e+32
-3.641038419319428759e+32
-4.182584851811196620e+34
-6.230996333699231560e+34
-4.406888100987924683e+34
-5.604098880351262334e+35
-6.933948671789240960e+34
-8.297086717892425149e+34
-8.545795828759603548e+34
-9.555165751920966139e+34
-1.635361361141602480e+35
-1.635361361141602480e+35
-7.798748627881448168e+27
-6.678024149286498769e+27
-1.231656641053787005e+35
-3.460737650933040213e+34
-2.081031833150384061e+31
-2.864500548847420360e+31
-3.819218002195390571e+34
-1.905825686059275556e+34
-1.199007683863885987e+31
-8.169879253567508027e+30
-7.643172557628978199e+33
-5.187991218441272938e+30
-4.515345773874862626e+30
-1.745198243688254391e+33
-4.918419319429199091e+30
-4.779284302963775871e+30
-6.056547310647639457e+33
-2.302218704720087988e+33
-6.569791437980241268e+30
-1.330032930845224900e+31
-1.322889132821075603e+31
-1.064183358946212995e+34
-2.679473106476399613e+31
-2.904308935236004244e+34
-5.439481888035126284e+31
-5.806734467618002677e+33
-7.668023490669594042e+33
-7.184588364434686407e+31
-1.509279912184412590e+32
-1.414041997804610320e+35
-1.733209659714599330e+32
-2.167760702524697973e+32
-2.112162458836443500e+32
-2.752234906695938912e+32
-3.008329308452249912e+32
-2.776103183315037914e+32
-3.953872667398463394e+32
-3.641038419319428759e+32
-4.182584851811196620e+34
-6.230996333699231560e+34
-4.406888100987924683e+34
-5.730281558726673068e+35
-6.933948671789240960e+34
-8.297086717892425149e+34
-8.545795828759603548e+34
-8.455736333699232358e+34
-1.478706256860592930e+35
-1.478706256860592930e+35
-8.448825466520308203e+27
-6.678024149286498769e+27
-1.231656641053787005e+35
-3.460737650933040213e+34
-2.081031833150384061e+31
-2.864500548847420360e+31
-3.819218002195390571e+34
-1.905825686059275556e+34
-1.199007683863885987e+31
-8.169879253567508027e+30
-1.596242590559824247e+34
-5.187991218441272938e+30
-4.515345773874862626e+30
-3.862458836443469259e+30
-5.810054884742041873e+30
-4.779284302963775871e+30
-6.056547310647639457e+33
-2.302218704720087988e+33
-6.569791437980241268e+30
-1.330032930845224900e+31
-1.322889132821075603e+31
-1.064183358946212995e+34
-2.679473106476399613e+31
-1.051722217343578565e+34
-5.439481888035126284e+31
-5.806734467618002677e+33
-7.668023490669594042e+33
-7.184588364434686407e+31
-1.509279912184412590e+32
-1.150198002195389782e+35
-1.733209659714599330e+32
-2.167760702524697973e+32
-2.112162458836443500e+32
-2.752234906695938912e+32
-3.008329308452249912e+32
-2.776103183315037914e+32
-3.953872667398463394e+32
-3.641038419319428759e+32
-4.182584851811196620e+34
-6.230996333699231560e+34
-4.406888100987924683e+34
-5.730281558726673068e+35
-6.933948671789240960e+34
-6.384234467618000546e+34
-8.297086717892425149e+34
-8.455736333699232358e+34
-8.455736333699232358e+34
-1.478706256860592930e+35
-8.448825466520308203e+27
-6.678024149286498769e+27
-1.005603622392974862e+35
-4.359280351262349307e+34
-2.081031833150384061e+31
-3.501866081229418384e+31
-1.784720087815587235e+31
-1.910235784851811574e+34
-1.199007683863885987e+31
-8.169879253567508027e+30
-1.631321405049396059e+34
-5.187991218441272938e+30
-4.515345773874862626e+30
-3.862458836443469259e+30
-5.810054884742041873e+30
-4.779284302963775871e+30
-7.978480790340284846e+33
-2.302218704720087988e+33
-7.590998902305159623e+30
-1.330032930845224900e+31
-1.322889132821075603e+31
-2.476734379802415187e+34
-2.679473106476399613e+31
-2.914878155872667127e+31
-5.439481888035126284e+31
-5.806734467618002677e+33
-7.668023490669594042e+33
-7.184588364434686407e+31
-1.509279912184412590e+32
-7.614072886937430755e+34
-1.733209659714599330e+32
-1.681935894621295285e+35
-2.112162458836443500e+32
-2.752234906695938912e+32
-3.008329308452249912e+32
-2.776103183315037914e+32
-3.953872667398463394e+32
-3.641038419319428759e+32
-4.182584851811196620e+34
-6.230996333699231560e+34
-4.406888100987924683e+34
-6.566555367727771950e+35
-6.933948671789240960e+34
-6.384234467618000546e+34
-6.384234467618000546e+34
-8.455736333699232358e+34
-8.455736333699232358e+34
-1.346028100987925146e+35
-1.339373962678375267e+35
-7.798748627881448168e+27
-1.005603622392974862e+35
-4.359280351262349307e+34
-2.366630076838638620e+31
-3.501866081229418384e+31
-5.237793633369922846e+31
-1.910235784851811574e+34
-1.199007683863885987e+31
-8.169879253567508027e+30
-1.631321405049396059e+34
-4.534474709110867330e+33
-4.394445664105378030e+30
-3.862458836443469259e+30
-5.810054884742041873e+30
-5.321536772777167456e+30
-6.400678814489571328e+33
-7.981558726673985244e+30
-7.590998902305159623e+30
-1.330032930845224900e+31
-1.322889132821075603e+31
-2.476734379802415187e+34
-2.679473106476399613e+31
-2.914878155872667127e+31
-5.439481888035126284e+31
-5.806734467618002677e+33
-7.668023490669594042e+33
-7.184588364434686407e+31
-1.509279912184412590e+32
-7.614072886937430755e+34
-1.733209659714599330e+32
-1.546456004390779576e+35
-2.112162458836443500e+32
-2.752234906695938912e+32
-3.008329308452249912e+32
-2.776103183315037914e+32
-2.566830142700329311e+35
-3.641038419319428759e+32
-4.182584851811196620e+34
-6.230996333699231560e+34
-4.406888100987924683e+34
-6.566555367727771950e+35
-6.933948671789240960e+34
-6.384234467618000546e+34
-6.384234467618000546e+34
-1.119179077936333626e+35
-8.455736333699232358e+34
-1.346028100987925146e+35
-1.339373962678375267e+35
-7.798748627881448168e+27
-1.576002085620197595e+35
-1.005603622392974862e+35
-4.818704061470910623e+34
-2.081031833150384061e+31
-5.237793633369922846e+31
-2.724435345773874782e+34
-3.465804610318331031e+31
-8.637145993413831365e+30
-6.131064763995608699e+30
-1.014192974753018954e+34
-4.394445664105378030e+30
-4.376487376509329775e+30
-4.439200878155872704e+32
-5.321536772777167456e+30
-6.523642810098793078e+33
-7.981558726673985244e+30
-7.590998902305159623e+30
-3.210814489571898846e+33
-1.167975850713501784e+31
-5.704623490669593494e+33
-2.679473106476399613e+31
-2.914878155872667127e+31
-5.243521405049396903e+31
-5.806734467618002677e+33
-9.540878155872666913e+31
-7.184588364434686407e+31
-1.509279912184412590e+32
-1.496098792535675116e+32
-1.189765795828759584e+34
-1.546456004390779576e+35
-2.101334796926454309e+32
-1.598263863885839511e+34
-3.008329308452249912e+32
-2.776103183315037914e+32
-2.566830142700329311e+35
-3.954971437980241226e+34
-4.182584851811196620e+34
-6.230996333699231560e+34
-4.406888100987924683e+34
-6.675621975850712768e+35
-6.933948671789240960e+34
