-8.463480351262348110e+34
-8.463480351262348110e+34
-1.101897365532381855e+35
-1.101897365532381855e+35
-1.339373962678375267e+35
-1.900720658616904608e+35
-7.798748627881448168e+27
-1.576002085620197595e+35
-1.576002085620197595e+35
-2.366630076838638620e+31
-3.501866081229418384e+31
-5.237793633369922846e+31
-3.770438419319429227e+34
-3.465804610318331031e+31
-8.637145993413831365e+30
-1.211224368825466574e+34
-4.534474709110867330e+33
-4.394445664105378030e+30
-4.376487376509329775e+30
-5.810054884742041873e+30
-5.321536772777167456e+30
-6.523642810098793078e+33
-7.981558726673985244e+30
-7.590998902305159623e+30
-3.210814489571898846e+33
-1.322889132821075603e+31
-5.704623490669593494e+33
-2.679473106476399613e+31
-2.914878155872667127e+31
-5.243521405049396903e+31
-5.806734467618002677e+33
-9.540878155872666913e+31
-7.184588364434686407e+31
-1.509279912184412590e+32
-1.496098792535675116e+32
-1.189765795828759584e+34
-1.546456004390779576e+35
-2.112162458836443500e+32
-1.598263863885839511e+34
-3.008329308452249912e+32
-2.776103183315037914e+32
-2.566830142700329311e+35
-3.954971437980241226e+34
-4.182584851811196620e+34
-6.230996333699231560e+34
-4.406888100987924683e+34
-6.675621975850712768e+35
-6.933948671789240960e+34
-8.463480351262348110e+34
-1.119179077936333626e+35
-1.702208232711306499e+35
-1.702208232711306499e+35
-1.900720658616904608e+35
-8.448825466520308203e+27
-6.678024149286498769e+27
-2.142657387486278470e+35
-7.440466520307353261e+34
-2.081031833150384061e+31
-3.501866081229418384e+31
-6.985060812294182532e+34
-2.187975850713501451e+34
-1.199007683863885987e+31
-8.169879253567508027e+30
-1.372366410537870166e+34
-5.187991218441272938e+30
-4.515345773874862626e+30
-8.035619099890230202e+33
-5.810054884742041873e+30
-4.779284302963775871e+30
-2.413182041712403449e+34
-2.302218704720087988e+33
-7.590998902305159623e+30
-1.330032930845224900e+31
-1.322889132821075603e+31
-3.631553150384193146e+34
-2.679473106476399613e+31
-1.579143271130625617e+34
-5.439481888035126284e+31
-5.806734467618002677e+33
-7.668023490669594042e+33
-7.184588364434686407e+31
-1.509279912184412590e+32
-1.426971811196487493e+35
-1.733209659714599330e+32
-2.167760702524697973e+32
-2.112162458836443500e+32
-2.752234906695938912e+32
-3.008329308452249912e+32
-2.776103183315037914e+32
-3.953872667398463394e+32
-3.641038419319428759e+32
-4.182584851811196620e+34
-6.230996333699231560e+34
-4.406888100987924683e+34
-6.004656882546651510e+35
-6.933948671789240960e+34
-1.119179077936333626e+35
-1.139647815587266627e+35
-1.702208232711306499e+35
-1.900720658616904608e+35
-2.514466959385290682e+35
-7.798748627881448168e+27
-2.142657387486278470e+35
-2.142657387486278470e+35
-7.440466520307353261e+34
-2.081031833150384061e+31
-2.864500548847420360e+31
-6.985060812294182532e+34
-2.187975850713501451e+34
-8.637145993413831365e+30
-7.025203073545553088e+30
-1.084186388583973618e+34
-5.187991218441272938e+30
-4.515345773874862626e+30
-8.035619099890230202e+33
-4.918419319429199091e+30
-4.779284302963775871e+30
-2.413182041712403449e+34
-2.302218704720087988e+33
-6.569791437980241268e+30
-1.335034028540065654e+31
-1.322889132821075603e+31
-3.631553150384193146e+34
-2.619866081229417995e+31
-1.579143271130625617e+34
-5.439481888035126284e+31
-6.832304676180021327e+34
-7.668023490669594042e+33
-1.294224349066959386e+35
-1.509279912184412590e+32
-1.426971811196487493e+35
-1.733209659714599330e+32
-2.167760702524697973e+32
-2.112162458836443500e+32
-2.752234906695938912e+32
-3.008329308452249912e+32
-2.776103183315037914e+32
-3.953872667398463394e+32
-3.641038419319428759e+32
-4.182584851811196620e+34
-6.230996333699231560e+34
-4.406888100987924683e+34
-6.004656882546651510e+35
-6.933948671789240960e+34
-1.139647815587266627e+35
-1.389493062568606030e+35
-1.912372733260153401e+35
-2.514466959385290682e+35
-2.300189527991218030e+35
-6.678024149286498769e+27
-2.073283863885839449e+35
-2.073283863885839449e+35
-9.313887376509327248e+34
-3.501866081229418384e+31
-2.864500548847420360e+31
-7.445146212952799270e+34
-4.607634028540065726e+34
-8.637145993413831365e+30
-7.025203073545553088e+30
-2.001190998902304954e+34
-4.349813391877058644e+30
-4.376487376509329775e+30
-2.463970428100988375e+34
-4.918419319429199091e+30
-1.465778562019758280e+33
-8.776136114160262730e+30
-7.892272228320527424e+30
-6.569791437980241268e+30
-1.335034028540065654e+31
-1.355073545554335766e+31
-2.870759604829857462e+31
-2.619866081229417995e+31
-9.925268210757410542e+34
-5.439481888035126284e+31
-6.082528320526892959e+34
-7.668023490669594042e+33
-2.012440300768385945e+35
-1.537903402854006592e+32
-2.349119824368825106e+35
-1.733209659714599330e+32
-2.167760702524697973e+32
-2.112162458836443500e+32
-2.752234906695938912e+32
-3.008329308452249912e+32
-2.776103183315037914e+32
-3.953872667398463394e+32
-3.641038419319428759e+32
-4.182584851811196620e+34
-8.281172491767287325e+34
-4.406888100987924683e+34
-4.316331789242590244e+35
-6.933948671789240960e+34
-1.389493062568606030e+35
-1.408776180021953800e+35
-1.408776180021953800e+35
-2.300189527991218030e+35
-2.439315697036223806e+35
-6.678024149286498769e+27
-1.788460153677277696e+35
-1.443282414928649662e+35
-1.443282414928649662e+35
-3.501866081229418384e+31
-5.237793633369922846e+31
-4.385133260153676724e+34
-3.465804610318331031e+31
-8.637145993413831365e+30
-7.025203073545553088e+30
-3.712719868276618839e+34
-4.349813391877058644e+30
-4.376487376509329775e+30
-2.331630428100987598e+34
-4.918419319429199091e+30
-1.465778562019758280e+33
-8.776136114160262730e+30
-7.892272228320527424e+30
-2.387408847420417194e+34
-1.335034028540065654e+31
-1.355073545554335766e+31
-2.870759604829857462e+31
-2.619866081229417995e+31
-8.725607947310646646e+34
-5.591268935236004127e+31
-9.041702963776068805e+34
-8.962985729967069075e+31
-1.475592860592754765e+35
-1.537903402854006592e+32
-2.329561909989022752e+35
-1.733209659714599330e+32
-2.167760702524697973e+32
-2.112162458836443500e+32
-2.752234906695938912e+32
-2.869330186608122633e+35
-2.776103183315037914e+32
-3.953872667398463394e+32
-3.641038419319428759e+32
-4.182584851811196620e+34
-8.281172491767287325e+34
-4.406888100987924683e+34
-7.999169945115257271e+35
-6.933948671789240960e+34
-1.173854094401756310e+35
-1.645165620197584881e+35
-1.408776180021953800e+35
-2.439315697036223806e+35
-1.689077760702524453e+35
-2.653347376509330664e+35
-2.653347376509330664e+35
-1.141641427003293095e+35
-1.141641427003293095e+35
-2.864500548847420360e+31
-1.099430010976948361e+35
-3.066181778265642186e+34
-3.465804610318331031e+31
-8.169879253567508027e+30
-3.643987266739846583e+34
-2.871825246981339389e+34
-4.349813391877058644e+30
-4.376487376509329775e+30
-2.602585137211854687e+34
-5.321536772777167456e+30
-1.465778562019758280e+33
-7.981558726673985244e+30
-7.892272228320527424e+30
-4.345723929747530300e+34
-1.335034028540065654e+31
-1.355073545554335766e+31
-2.870759604829857462e+31
-2.619866081229417995e+31
-1.068988408342480970e+35
-5.591268935236004127e+31
-1.356927771679473033e+35
-8.962985729967069075e+31
-1.264689330406146910e+35
-1.537903402854006592e+32
-2.039802941822173575e+35
-2.353845751920965484e+34
-2.167760702524697973e+32
-2.112162458836443500e+32
-2.752234906695938912e+32
-4.021996948408342654e+35
-1.822247596048298372e+34
-3.953872667398463394e+32
-3.641038419319428759e+32
-1.177694072447859435e+34
-8.281172491767287325e+34
-4.406888100987924683e+34
-6.526654401756310398e+35
-6.933948671789240960e+34
-1.173854094401756310e+35
-1.645165620197584881e+35
-1.645165620197584881e+35
-2.063248583973655482e+35
-1.228801844127332606e+35
-2.653347376509330664e+35
-2.653347376509330664e+35
-7.038924259055980808e+34
-2.081031833150384061e+31
-2.864500548847420360e+31
-1.099430010976948361e+35
-3.066181778265642186e+34
-1.199007683863885987e+31
-8.169879253567508027e+30
-3.643987266739846583e+34
-5.187991218441272938e+30
-4.394445664105378030e+30
-3.862458836443469259e+30
-2.602585137211854687e+34
-5.321536772777167456e+30
-1.465778562019758280e+33
-7.981558726673985244e+30
-7.892272228320527424e+30
-4.345723929747530300e+34
-1.275249176728869466e+31
-1.265923161361141395e+31
-2.870759604829857462e+31
-2.748766190998901800e+31
-1.068988408342480970e+35
-5.591268935236004127e+31
-1.356927771679473033e+35
-8.962985729967069075e+31
-1.264689330406146910e+35
-1.537903402854006592e+32
-1.687644346871569922e+32
-2.353845751920965484e+34
-2.167760702524697973e+32
-2.083859495060373390e+32
-2.752234906695938912e+32
-4.021996948408342654e+35
-1.822247596048298372e+34
-3.953872667398463394e+32
-3.641038419319428759e+32
-1.177694072447859435e+34
-8.281172491767287325e+34
-4.406888100987924683e+34
-6.526654401756310398e+35
-6.933948671789240960e+34
-9.535232491767288533e+34
-1.533842766190998865e+35
-2.063248583973655482e+35
-1.689077760702524453e+35
-1.401909923161361012e+35
-2.300718046103183408e+35
-2.300718046103183408e+35
-1.200039363336992253e+35
-2.081031833150384061e+31
-2.864500548847420360e+31
-1.094530296377606858e+35
-4.343572118551042229e+34
-1.199007683863885987e+31
-8.169879253567508027e+30
-4.041028100987925745e+34
-5.187991218441272938e+30
-4.394445664105378030e+30
-4.441960922063666809e+34
-1.513173984632272136e+34
-5.321536772777167456e+30
-3.702261251372118152e+30
-7.981558726673985244e+30
-7.597036223929747666e+30
-2.558042656421514204e+34
-1.275249176728869466e+31
-1.265923161361141395e+31
-2.704823271130625590e+31
-2.748766190998901800e+31
-5.526276619099889093e+31
-5.591268935236004127e+31
-1.338395894621295094e+35
-8.962985729967069075e+31
-1.478308540065861673e+35
-1.537903402854006592e+32
-1.687644346871569922e+32
-2.353845751920965484e+34
-2.200039517014269834e+32
-2.083859495060373390e+32
-2.752234906695938912e+32
-3.841944807903403057e+35
-1.822247596048298372e+34
-3.953872667398463394e+32
-3.641038419319428759e+32
-1.177694072447859435e+34
-8.281172491767287325e+34
-4.406888100987924683e+34
-6.071795345773874761e+35
-6.933948671789240960e+34
-8.044317014270032675e+34
-1.455338199780460550e+35
-1.689077760702524453e+35
-1.228801844127332606e+35
-9.290421953896817085e+34
-1.943970559824368691e+35
-1.943970559824368691e+35
-1.200039363336992253e+35
-2.081031833150384061e+31
-2.864500548847420360e+31
-9.837473765093302975e+34
-3.441009001097694603e+34
-1.199007683863885987e+31
-7.025203073545553088e+30
-2.458869374313941161e+34
-5.187991218441272938e+30
-4.394445664105378030e+30
-5.161014928649834293e+34
-4.439200878155872704e+32
-4.779284302963775871e+30
-3.702261251372118152e+30
-7.981558726673985244e+30
-7.597036223929747666e+30
-4.452891503841931457e+34
-1.275249176728869466e+31
-1.265923161361141395e+31
-2.704823271130625590e+31
-2.748766190998901800e+31
-5.526276619099889093e+31
-5.591268935236004127e+31
-6.666808781558726462e+34
-8.962985729967069075e+31
-1.467030625686059155e+35
-1.537903402854006592e+32
-1.687644346871569922e+32
-2.353845751920965484e+34
-2.200039517014269834e+32
-2.083859495060373390e+32
-2.776059275521404776e+32
-4.081700965971459503e+35
-1.822247596048298372e+34
-3.953872667398463394e+32
-3.641038419319428759e+32
-1.177694072447859435e+34
-8.281172491767287325e+34
-4.406888100987924683e+34
-5.995214423710208187e+35
-6.933948671789240960e+34
-7.610619319429200124e+34
-9.869480351262348816e+34
-1.228801844127332606e+35
-1.401909923161361012e+35
-1.703091964873765351e+35
-1.943970559824368691e+35
-1.703091964873765351e+35
-1.095421185510427992e+35
-3.501866081229418384e+31
-5.237793633369922846e+31
-7.249817563117451887e+34
-2.894650274423710025e+34
-1.199007683863885987e+31
-7.025203073545553088e+30
-3.663763117453347770e+34
-4.349813391877058644e+30
-4.515345773874862626e+30
-3.391683227222832251e+34
-5.810054884742041873e+30
-4.779284302963775871e+30
-5.992701997804609276e+34
-2.302218704720087988e+33
-7.597036223929747666e+30
-5.563130515916575260e+34
-1.275249176728869466e+31
-4.812767771679473178e+34
-2.704823271130625590e+31
-2.748766190998901800e+31
-5.526276619099889093e+31
-5.478796926454445668e+31
-9.048188803512622515e+31
-8.962985729967069075e+31
-1.339475301866081147e+32
-1.494946212952799290e+32
-1.687644346871569922e+32
-2.353845751920965484e+34
-2.200039517014269834e+32
-2.083859495060373390e+32
-2.776059275521404776e+32
-2.635422722283205113e+35
-1.822247596048298372e+34
-3.953872667398463394e+32
-3.641038419319428759e+32
-1.177694072447859435e+34
-8.281172491767287325e+34
-4.406888100987924683e+34
-5.658167683863885952e+35
-6.933948671789240960e+34
-7.610619319429200124e+34
-9.869480351262348816e+34
-1.228801844127332606e+35
-9.290421953896817085e+34
-1.703091964873765351e+35
-1.703091964873765351e+35
-1.095421185510427992e+35
-7.326719648737649018e+34
-3.501866081229418384e+31
-7.249817563117451887e+34
-7.249817563117451887e+34
-3.944019538968167208e+34
-8.637145993413831365e+30
-7.025203073545553088e+30
-2.872225246981338742e+34
-4.349813391877058644e+30
-4.515345773874862626e+30
-3.391683227222832251e+34
-5.810054884742041873e+30
-4.779284302963775871e+30
-5.992701997804609276e+34
-2.302218704720087988e+33
-7.597036223929747666e+30
-5.563130515916575260e+34
-1.167975850713501784e+31
-4.812767771679473178e+34
-2.704823271130625590e+31
-2.748766190998901800e+31
-5.526276619099889093e+31
-5.478796926454445668e+31
-9.048188803512622515e+31
-7.611995389681668371e+33
-1.339475301866081147e+32
-1.494946212952799290e+32
-1.687644346871569922e+32
-2.353845751920965484e+34
-2.200039517014269834e+32
-2.083859495060373390e+32
-2.776059275521404776e+32
-1.893811108671788853e+35
-1.822247596048298372e+34
-3.953872667398463394e+32
-3.641038419319428759e+32
-1.177694072447859435e+34
-8.281172491767287325e+34
-4.406888100987924683e+34
-5.658167683863885952e+35
-6.933948671789240960e+34
-8.150116575192095506e+34
-6.889486498353458157e+34
-1.401909923161361012e+35
-6.643870252469812921e+34
-9.874554335894619556e+34
-9.874554335894619556e+34
-7.326719648737649018e+34
-7.976290450054885723e+34
-3.501866081229418384e+31
-8.552634687156968670e+34
-8.552634687156968670e+34
-3.465804610318331031e+31
-8.637145993413831365e+30
-3.798547969264543789e+34
-4.459066520307354109e+34
-4.349813391877058644e+30
-4.515345773874862626e+30
-2.269624434687157012e+34
-5.810054884742041873e+30
-4.779284302963775871e+30
-7.576545334796925352e+33
-2.302218704720087988e+33
-7.597036223929747666e+30
-1.330032930845224900e+31
-1.167975850713501784e+31
-6.790058243688254312e+34
-2.720096597145993184e+31
-2.914878155872667127e+31
-5.035690450054884810e+31
-5.478796926454445668e+31
-9.048188803512622515e+31
-7.611995389681668371e+33
-1.339475301866081147e+32
-1.494946212952799290e+32
-1.687644346871569922e+32
-2.353845751920965484e+34
-2.200039517014269834e+32
-2.083859495060373390e+32
-2.776059275521404776e+32
-3.659071986827662181e+35
-1.822247596048298372e+34
-3.953872667398463394e+32
-3.641038419319428759e+32
-1.177694072447859435e+34
-8.281172491767287325e+34
-4.406888100987924683e+34
-4.881807552140504647e+35
-6.933948671789240960e+34
-5.398043688254665159e+34
-9.335268276619098914e+34
-9.290421953896817085e+34
-6.688633809001097102e+34
-9.898855543358946289e+34
-9.898855543358946289e+34
-7.976290450054885723e+34
-6.403719429198683456e+34
-3.501866081229418384e+31
-6.457936114160263259e+34
-3.214652030735455569e+34
-1.199007683863885987e+31
-8.637145993413831365e+30
-3.522556750823271804e+34
-1.788825686059275343e+34
-4.349813391877058644e+30
-4.515345773874862626e+30
-1.924627442371020695e+33
-5.810054884742041873e+30
-4.779284302963775871e+30
-1.109838726673984773e+34
-2.302218704720087988e+33
-7.590998902305159623e+30
-1.330032930845224900e+31
-1.167975850713501784e+31
-3.288686322722283025e+34
-2.720096597145993184e+31
-2.914878155872667127e+31
-5.035690450054884810e+31
-5.478796926454445668e+31
-9.048188803512622515e+31
-7.611995389681668371e+33
-1.339475301866081147e+32
-1.494946212952799290e+32
-1.687644346871569922e+32
-2.353845751920965484e+34
-2.200039517014269834e+32
-2.083859495060373390e+32
-2.776059275521404776e+32
-2.373516926454445996e+35
-1.822247596048298372e+34
-3.953872667398463394e+32
-3.641038419319428759e+32
-1.177694072447859435e+34
-8.281172491767287325e+34
-4.406888100987924683e+34
-3.161547727771679616e+35
-6.933948671789240960e+34
-5.498001317233809215e+34
-6.643870252469812921e+34
-6.643870252469812921e+34
-6.688633809001097102e+34
-7.454564215148188266e+34
-7.454564215148188266e+34
-6.403719429198683456e+34
-5.652173655323820573e+34
-2.864500548847420360e+31
-7.101670472008780939e+34
-4.495516575192095972e+34
-1.199007683863885987e+31
-8.169879253567508027e+30
-2.051290669593852543e+34
-2.212123819978046103e+34
-4.394445664105378030e+30
-4.376487376509329775e+30
-2.226252821075740645e+34
-4.918419319429199091e+30
-1.465778562019758280e+33
-5.093300548847420128e+33
-2.302218704720087988e+33
-7.590998902305159623e+30
-1.330032930845224900e+31
-1.167975850713501784e+31
-7.484464346871567025e+34
-2.720096597145993184e+31
-2.914878155872667127e+31
-5.035690450054884810e+31
-5.478796926454445668e+31
-9.048188803512622515e+31
-7.611995389681668371e+33
-1.339475301866081147e+32
-1.494946212952799290e+32
-1.702913282107573932e+32
-2.028408342480790110e+32
-2.200039517014269834e+32
-2.083859495060373390e+32
-2.776059275521404776e+32
-2.613250274423710161e+35
-1.822247596048298372e+34
-4.288821075740944329e+32
-3.641038419319428759e+32
-1.177694072447859435e+34
-8.281172491767287325e+34
-4.406888100987924683e+34
-4.119085159165751875e+35
-6.933948671789240960e+34
-5.498001317233809215e+34
-6.643870252469812921e+34
-6.688633809001097102e+34
-6.688633809001097102e+34
-7.454564215148188266e+34
-7.454564215148188266e+34
-5.652173655323820573e+34
-2.081031833150384061e+31
-2.864500548847420360e+31
-7.101670472008780939e+34
-4.495516575192095972e+34
-1.199007683863885987e+31
-8.169879253567508027e+30
-2.051290669593852543e+34
-2.212123819978046103e+34
-4.394445664105378030e+30
-4.376487376509329775e+30
-2.226252821075740645e+34
-4.918419319429199091e+30
-1.465778562019758280e+33
-5.093300548847420128e+33
-7.892272228320527424e+30
-7.590998902305159623e+30
-1.335034028540065654e+31
-1.167975850713501784e+31
-3.346168605927551863e+34
-2.720096597145993184e+31
-2.914878155872667127e+31
-5.035690450054884810e+31
-5.478796926454445668e+31
-9.851789242590558562e+31
-7.611995389681668371e+33
-1.339475301866081147e+32
-1.494946212952799290e+32
-1.702913282107573932e+32
-2.028408342480790110e+32
-2.200039517014269834e+32
-1.027828540065861339e+35
-2.776059275521404776e+32
-2.613250274423710161e+35
-1.822247596048298372e+34
-4.288821075740944329e+32
-3.641038419319428759e+32
-1.177694072447859435e+34
-8.281172491767287325e+34
-4.406888100987924683e+34
-4.119085159165751875e+35
-6.933948671789240960e+34
-4.584313940724478073e+33
-6.688633809001097102e+34
-6.688633809001097102e+34
-5.657829637760702276e+34
-5.657829637760702276e+34
-5.657829637760702276e+34
-5.652173655323820573e+34
-3.501866081229418384e+31
-2.712707793633369827e+34
-2.712707793633369827e+34
-3.272134138309550322e+34
-1.199007683863885987e+31
-8.169879253567508027e+30
-2.832388583973655131e+34
-5.813387486278815626e+33
-4.394445664105378030e+30
-4.376487376509329775e+30
-1.020112952799121734e+34
-4.918419319429199091e+30
-1.465778562019758280e+33
-3.683013633369923327e+34
-7.892272228320527424e+30
-7.590998902305159623e+30
-1.335034028540065654e+31
-1.322889132821075603e+31
-5.029710208562019595e+33
-2.720096597145993184e+31
-5.740265049396267826e+34
-5.035690450054884810e+31
-5.806734467618002677e+33
-9.851789242590558562e+31
-7.611995389681668371e+33
-1.392504939626783519e+32
-1.494946212952799290e+32
-1.702913282107573932e+32
-2.028408342480790110e+32
-2.200039517014269834e+32
-1.645174313940724494e+35
-2.776059275521404776e+32
-1.845427464324917792e+35
-1.822247596048298372e+34
-4.288821075740944329e+32
-3.692419319429198860e+32
-1.177694072447859435e+34
-8.281172491767287325e+34
-4.406888100987924683e+34
-3.315442985729967095e+35
-6.933948671789240960e+34
