-5.713420417124039807e+30
-5.042197585071349549e+30
-4.872965971459933736e+30
-5.903729967069154475e+30
-1.489678155872667261e+34
-6.441703183315038081e+32
-9.879758507135016056e+30
-1.171387486278814509e+31
-1.474724478594950619e+31
-1.573091108671789088e+31
-1.882551042810098850e+31
-2.039310032930845011e+34
-2.123819978046102969e+31
-2.276952799121843888e+31
-1.933029132821075722e+34
-7.210848079034028717e+32
-1.872970362239297541e+31
-1.436828737650933268e+34
-3.834718770581777882e+32
-9.590450054884740368e+30
-1.001554335894621234e+31
-1.479096597145993399e+34
-9.710713501646544120e+30
-1.679622832052689263e+34
-1.716524698133918684e+31
-2.334731064763995657e+31
-6.767525576289790282e+34
-2.939014050493962863e+31
-9.165752579582875510e+34
-6.491387486278813314e+34
-9.223759604829858073e+34
-6.691667178924259629e+34
-5.713420417124039807e+30
-5.042197585071349549e+30
-4.872965971459933736e+30
-5.903729967069154475e+30
-3.640336926454445694e+34
-4.004932403951700956e+34
-9.879758507135016056e+30
-1.140520307354555476e+31
-1.474724478594950619e+31
-1.573091108671789088e+31
-1.882551042810098850e+31
-3.860218243688253676e+34
-7.701412733260152835e+32
-2.276952799121843888e+31
-3.366648540065861633e+34
-2.173003293084522429e+31
-1.891238199780460795e+31
-3.960682897914380300e+34
-1.266201975850713445e+31
-3.012433589462129518e+34
-9.947925356750824688e+30
-3.130800878155872475e+34
-9.981405049396267160e+30
-4.406878155872666998e+34
-1.653934138309549916e+31
-2.054331503841931875e+31
-8.572048079034027843e+34
-2.831377387486278980e+31
-1.371181492864983585e+35
-1.019402217343578522e+35
-6.491387486278813314e+34
-9.223759604829858073e+34
-5.713420417124039807e+30
-5.042197585071349549e+30
-4.872965971459933736e+30
-5.903729967069154475e+30
-3.640336926454445694e+34
-4.004932403951700956e+34
-9.165598243688254263e+30
-1.140520307354555476e+31
-1.474724478594950619e+31
-1.624643249176728834e+31
-3.674235938529088890e+34
-3.235662239297474988e+34
-7.701412733260152835e+32
-2.214206366630076668e+31
-3.070462832052689506e+34
-2.173003293084522429e+31
-1.891238199780460795e+31
-3.960682897914380300e+34
-1.266201975850713445e+31
-2.922203732162458379e+34
-9.912689352360043173e+30
-2.868138748627881295e+34
-9.981405049396267160e+30
-4.406878155872666998e+34
-5.128828540065862368e+34
-2.054331503841931875e+31
-8.572048079034027843e+34
-1.026159495060373127e+35
-3.145225027442370897e+31
-1.202845993413830882e+35
-1.019402217343578522e+35
-9.223759604829858073e+34
-5.713420417124039807e+30
-5.042197585071349549e+30
-4.872965971459933736e+30
-5.903729967069154475e+30
-3.027305773874862357e+34
-3.320024763995609074e+34
-9.165598243688254263e+30
-1.140520307354555476e+31
-1.474724478594950619e+31
-1.624643249176728834e+31
-3.280378858397364951e+34
-4.478902239297474958e+34
-2.150555433589462026e+31
-2.214206366630076668e+31
-3.843236487376508543e+34
-2.259427003293084680e+31
-1.891238199780460795e+31
-3.590386015367726703e+34
-1.266201975850713445e+31
-3.328777387486278545e+34
-9.912689352360043173e+30
-3.972531723380900250e+34
-9.708408342480789722e+30
-1.054239297475301825e+31
-6.142571899012075680e+34
-1.841233809001097731e+31
-8.045499890230516094e+34
-1.120029945115257983e+35
-2.939014050493962863e+31
-1.371181492864983585e+35
-1.369188583973655304e+35
-9.832166630076837279e+34
-5.713420417124039807e+30
-5.042197585071349549e+30
-4.872965971459933736e+30
-5.903729967069154475e+30
-3.311576838638858363e+34
-3.050627771679472517e+34
-9.165598243688254263e+30
-1.140520307354555476e+31
-1.474724478594950619e+31
-1.624643249176728834e+31
-5.076454138309548606e+34
-4.105641734357848836e+34
-2.150555433589462026e+31
-2.214206366630076668e+31
-4.509995236004390070e+34
-2.259427003293084680e+31
-3.884462480790340311e+34
-4.407976970362238525e+34
-1.321852908891328089e+31
-6.068379143798024063e+34
-9.912689352360043173e+30
-3.679572557628979467e+34
-9.708408342480789722e+30
-1.054239297475301825e+31
-6.580452908891328005e+34
-1.841233809001097731e+31
-1.202089923161361101e+35
-1.350976311745334901e+35
-2.939014050493962863e+31
-1.268134050493962574e+35
-1.048278441273326068e+35
-1.067454379802414900e+35
-5.713420417124039807e+30
-5.042197585071349549e+30
-4.872965971459933736e+30
-5.903729967069154475e+30
-2.730760878155872653e+34
-2.774193413830955041e+34
-9.165598243688254263e+30
-1.140520307354555476e+31
-1.468197585071349977e+31
-1.624643249176728834e+31
-2.942822568605927488e+34
-4.043256289791437665e+34
-2.150555433589462026e+31
-2.210096597145993035e+31
-4.837989110867178594e+34
-2.259427003293084680e+31
-4.028015675082326370e+34
-1.181754028540065748e+33
-1.321852908891328089e+31
-3.754504720087814776e+34
-9.486915477497253958e+30
-3.917349725576290248e+34
-4.238756750823270628e+34
-1.020046103183315001e+31
-5.215471569703622054e+34
-1.841233809001097731e+31
-1.083175367727771861e+35
-1.350976311745334901e+35
-1.177605312843029611e+35
-1.198571613611416162e+35
-1.048278441273326068e+35
-7.791146652030733761e+34
-5.713420417124039807e+30
-5.042197585071349549e+30
-4.872965971459933736e+30
-5.903729967069154475e+30
-2.986847135016465335e+34
-2.774193413830955041e+34
-9.165598243688254263e+30
-1.140520307354555476e+31
-1.468197585071349977e+31
-1.624643249176728834e+31
-4.249178529088913302e+34
-4.043256289791437665e+34
-2.150555433589462026e+31
-2.210096597145993035e+31
-4.837989110867178594e+34
-2.259427003293084680e+31
-4.028015675082326370e+34
-1.181754028540065748e+33
-1.321852908891328089e+31
-3.754504720087814776e+34
-9.486915477497253958e+30
-3.917349725576290248e+34
-4.238756750823270628e+34
-1.020046103183315001e+31
-5.215471569703622054e+34
-1.716524698133918684e+31
-8.345392316136113613e+34
-1.177605312843029611e+35
-1.177605312843029611e+35
-1.079562349066959158e+35
-6.761528649835345340e+34
-7.791146652030733761e+34
-5.713420417124039807e+30
-2.882427903402853357e+32
-4.872965971459933736e+30
-5.903729967069154475e+30
-2.935744939626783753e+34
-2.518106147091108945e+34
-9.165598243688254263e+30
-1.140520307354555476e+31
-1.468197585071349977e+31
-1.624643249176728834e+31
-4.718514160263447114e+34
-3.885923249176729220e+34
-2.150555433589462026e+31
-2.210096597145993035e+31
-3.698743841931942712e+34
-2.057549945115257936e+31
-4.103891635565313564e+34
-1.181754028540065748e+33
-4.046633238199780714e+34
-4.436200878155872947e+34
-1.524037321624588226e+34
-1.874735016465422845e+32
-2.764785290889132698e+34
-1.020046103183315001e+31
-2.796806366630076819e+34
-1.716524698133918684e+31
-6.935419978046101764e+34
-1.259915389681668422e+35
-1.259915389681668422e+35
-1.024796597145993458e+35
-8.712093523600439683e+34
-8.581293304061469867e+34
-5.713420417124039807e+30
-2.882427903402853357e+32
-4.872965971459933736e+30
-5.903729967069154475e+30
-2.116516180021953977e+34
-2.327173874862788289e+34
-9.165598243688254263e+30
-1.275192096597145801e+31
-1.468197585071349977e+31
-7.280277716794730398e+32
-3.683773677277716287e+34
-4.097082371020855456e+34
-2.238649835345774106e+31
-2.210096597145993035e+31
-3.632199517014270498e+34
-2.057549945115257936e+31
-3.598995982436881700e+34
-1.181754028540065748e+33
-2.320207903402853795e+34
-1.328592755214050397e+31
-2.123776289791438173e+34
-1.874735016465422845e+32
-6.104913721185509965e+34
-1.020046103183315001e+31
-5.011485181119648895e+34
-4.251694621295279428e+34
-2.054331503841931875e+31
-1.135153347969264367e+35
-1.135153347969264367e+35
-1.024796597145993458e+35
-6.034995828759604962e+34
-1.224282480790340297e+35
-5.713420417124039807e+30
-2.882427903402853357e+32
-2.353775850713501788e+34
-5.903729967069154475e+30
-2.552970032930845050e+34
-2.799896641053786568e+34
-9.165598243688254263e+30
-1.275192096597145801e+31
-1.468197585071349977e+31
-7.280277716794730398e+32
-2.612174182217343734e+34
-3.414524302963775847e+34
-2.238649835345774106e+31
-2.295751920965971154e+34
-1.989266739846322883e+31
-2.057549945115257936e+31
-2.066151306256860533e+34
-1.963049396267837696e+31
-2.808238726673984791e+34
-1.328592755214050397e+31
-3.826311306256861008e+34
-1.001554335894621234e+31
-2.387981119648737503e+34
-9.710713501646544120e+30
-2.740209220636662563e+34
-5.104537431394072547e+34
-2.054331503841931875e+31
-6.223605927552139904e+34
-1.135153347969264367e+35
-7.497734138309548444e+34
-7.497734138309548444e+34
-3.283715257958287582e+34
-5.713420417124039807e+30
-2.882427903402853357e+32
-2.353775850713501788e+34
-5.903729967069154475e+30
-2.552970032930845050e+34
-2.799896641053786568e+34
-9.165598243688254263e+30
-1.275192096597145801e+31
-1.468197585071349977e+31
-7.280277716794730398e+32
-2.612174182217343734e+34
-1.951016465422612282e+31
-2.238649835345774106e+31
-2.295751920965971154e+34
-1.989266739846322883e+31
-2.057549945115257936e+31
-4.793688891328210499e+34
-1.963049396267837696e+31
-2.808238726673984791e+34
-1.328592755214050397e+31
-3.826311306256861008e+34
-1.001554335894621234e+31
-2.387981119648737503e+34
-9.710713501646544120e+30
-2.740209220636662563e+34
-5.104537431394072547e+34
-1.841233809001097731e+31
-6.223605927552139904e+34
-7.821107574094402012e+34
-5.651069374313940926e+34
-7.497734138309548444e+34
-3.283715257958287582e+34
-5.713420417124039807e+30
-2.882427903402853357e+32
-1.450793216245883624e+34
-1.346200548847420280e+34
-1.714263622392974841e+34
-1.870656794731064772e+34
-8.957124039517014487e+30
-1.275192096597145801e+31
-1.468197585071349977e+31
-7.280277716794730398e+32
-2.624636201975850668e+34
-1.951016465422612282e+31
-2.238649835345774106e+31
-1.948879253567507824e+34
-1.989266739846322883e+31
-2.057549945115257936e+31
-2.988258068057080002e+34
-1.963049396267837696e+31
-2.974520965971459871e+34
-1.257675082327112860e+31
-3.084752140504939108e+34
-1.001554335894621234e+31
-3.427841273326015678e+34
-9.710713501646544120e+30
-2.945125356750823388e+34
-3.201162239297475359e+34
-1.841233809001097731e+31
-5.761353677277716470e+34
-7.108083205268934000e+34
-5.098301207464325351e+34
-5.651069374313940926e+34
-5.340419978046103214e+34
-5.713420417124039807e+30
-2.882427903402853357e+32
-9.361410537870470550e+33
-1.846400636663007722e+34
-1.834465225027442114e+34
-1.174192974753018531e+34
-8.957124039517014487e+30
-1.275192096597145801e+31
-1.468197585071349977e+31
-1.895905554335894604e+34
-3.134048803512623298e+34
-1.951016465422612282e+31
-2.238649835345774106e+31
-1.145098836443468624e+34
-1.989266739846322883e+31
-2.201675082327113063e+31
-1.706598748627881360e+34
-1.963049396267837696e+31
-1.755203073545554450e+34
-1.257675082327112860e+31
-2.398977826564215394e+34
-1.001554335894621234e+31
-2.054967288693743061e+34
-9.981405049396267160e+30
-2.852218441273325820e+34
-2.697368166849615290e+34
-1.841233809001097731e+31
-4.115899012074642643e+34
-4.471523161361141120e+34
-3.775516575192095688e+34
-5.098301207464325351e+34
-2.949646322722283415e+34
-5.713420417124039807e+30
-2.882427903402853357e+32
-1.260286542261251387e+34
-1.248506212952798989e+34
-7.532068057080132893e+33
-1.341499143798024016e+34
-8.957124039517014487e+30
-1.275192096597145801e+31
-1.698742041712403995e+31
-1.749326739846322786e+34
-2.067627244785948745e+34
-1.951016465422612282e+31
-2.238649835345774106e+31
-1.513225005488474109e+34
-2.106821075740944123e+31
-2.201675082327113063e+31
-1.475318682766190758e+34
-1.963049396267837696e+31
-1.321304544456641049e+34
-1.257675082327112860e+31
-1.825936706915477045e+34
-9.947925356750824688e+30
-1.024434028540065715e+34
-9.981405049396267160e+30
-2.053702744237101991e+34
-2.505206586169044858e+34
-2.505206586169044858e+34
-5.061491108671788959e+34
-4.471523161361141120e+34
-2.336485400658616720e+34
-3.775516575192095688e+34
-3.467617563117452690e+34
-5.713420417124039807e+30
-2.882427903402853357e+32
-1.260286542261251387e+34
-1.248506212952798989e+34
-7.532068057080132893e+33
-1.341499143798024016e+34
-8.957124039517014487e+30
-1.275192096597145801e+31
-1.698742041712403995e+31
-1.749326739846322786e+34
-2.067627244785948745e+34
-1.951016465422612282e+31
-7.771192535675081586e+32
-1.513225005488474109e+34
-2.106821075740944123e+31
-2.201675082327113063e+31
-1.475318682766190758e+34
-1.904054884742041600e+31
-1.321304544456641049e+34
-1.257675082327112860e+31
-1.825936706915477045e+34
-9.947925356750824688e+30
-1.024434028540065715e+34
-9.981405049396267160e+30
-1.176364434687156853e+34
-2.505206586169044858e+34
-2.505206586169044858e+34
-2.874945115257957996e+34
-3.356035345773874689e+34
-2.336485400658616720e+34
-3.775516575192095688e+34
-3.467617563117452690e+34
-5.713420417124039807e+30
-2.882427903402853357e+32
-9.256879473106474482e+33
-9.627477497255761573e+33
-6.110338090010976766e+33
-1.283038287596048297e+34
-8.957124039517014487e+30
-1.275192096597145801e+31
-1.698742041712403995e+31
-1.720693523600438945e+34
-1.380077343578485130e+34
-1.872590559824368688e+31
-7.771192535675081586e+32
-6.891635345773874249e+33
-2.106821075740944123e+31
-2.201675082327113063e+31
-1.335958792535675102e+34
-1.904054884742041600e+31
-1.191490208562019668e+34
-1.257675082327112860e+31
-9.149627881448956915e+33
-9.947925356750824688e+30
-1.281245949506037478e+34
-1.187884302963776164e+34
-1.176364434687156853e+34
-3.042190559824369171e+34
-3.042190559824369171e+34
-2.874945115257957996e+34
-1.747154555433589573e+34
-2.336485400658616720e+34
-2.336485400658616720e+34
-1.086000658616904491e+34
