1.899519350811485750e+15
1.978314606741572750e+15
1.665986267166042500e+15
1.459837702871410750e+15
1.338583021223470750e+15
1.056732833957553000e+15
0.000000000000000000e+00
3.973451935081148416e+18
3.600000000000000512e+18
0.000000000000000000e+00
2.920436953807740416e+18
5.640505617977528320e+18
2.179563046192259328e+18
1.244182272159800320e+18
0.000000000000000000e+00
8.034756554307115418e+19
0.000000000000000000e+00
6.248314606741573120e+17
0.000000000000000000e+00
8.119769038701623040e+17
2.470764107365792973e+19
0.000000000000000000e+00
1.192780274656679168e+18
1.527477528089887744e+18
0.000000000000000000e+00
0.000000000000000000e+00
4.365861423220974080e+18
0.000000000000000000e+00
0.000000000000000000e+00
8.518676654182272000e+18
2.125719725343321293e+19
1.362097378277153792e+19
3.772577403245942374e+19
2.326398252184769331e+19
0.000000000000000000e+00
0.000000000000000000e+00
3.265886392009987686e+19
0.000000000000000000e+00
4.137265917602997043e+19
0.000000000000000000e+00
0.000000000000000000e+00
5.933089887640449024e+19
5.455980024968788378e+19
0.000000000000000000e+00
0.000000000000000000e+00
1.955729712858926612e+20
2.546272784019974717e+20
2.605986891385767526e+20
1.899519350811485750e+15
1.978314606741572750e+15
4.089875156054931866e+19
1.459837702871410750e+15
1.338583021223470750e+15
1.056732833957553000e+15
8.277634207240950000e+14
3.973451935081148416e+18
3.600000000000000512e+18
3.190262172284644352e+18
2.920436953807740416e+18
1.281622971285892710e+19
2.179563046192259328e+18
1.244182272159800320e+18
9.211797752808990720e+17
8.034756554307115418e+19
6.536566791510611200e+17
6.248314606741573120e+17
0.000000000000000000e+00
8.119769038701623040e+17
2.470764107365792973e+19
0.000000000000000000e+00
1.192780274656679168e+18
2.807197253433208320e+18
0.000000000000000000e+00
2.058822097378277376e+18
4.365861423220974080e+18
0.000000000000000000e+00
0.000000000000000000e+00
8.518676654182272000e+18
3.258058890324594278e+19
1.362097378277153792e+19
4.151488139825218355e+19
2.326398252184769331e+19
0.000000000000000000e+00
0.000000000000000000e+00
3.265886392009987686e+19
0.000000000000000000e+00
4.137265917602997043e+19
0.000000000000000000e+00
0.000000000000000000e+00
5.933089887640449024e+19
5.455980024968788378e+19
0.000000000000000000e+00
0.000000000000000000e+00
1.955729712858926612e+20
3.024505617977528156e+20
2.605986891385767526e+20
9.586884853227216896e+19
1.978314606741572750e+15
1.436629168343320986e+20
1.459837702871410750e+15
1.338583021223470750e+15
1.056732833957553000e+15
8.785455680399500000e+14
4.534394506866416845e+19
3.600000000000000512e+18
3.190262172284644352e+18
2.920436953807740416e+18
1.936403937116105114e+19
2.179563046192259328e+18
1.244182272159800320e+18
9.211797752808990720e+17
8.034756554307115418e+19
6.536566791510611200e+17
6.248314606741573120e+17
1.542414481897627853e+19
8.119769038701623040e+17
2.470764107365792973e+19
0.000000000000000000e+00
1.192780274656679168e+18
2.138699750312109670e+19
0.000000000000000000e+00
2.058822097378277376e+18
4.365861423220974080e+18
3.966722846441948160e+18
0.000000000000000000e+00
8.518676654182272000e+18
4.470979470411984896e+19
1.362097378277153792e+19
8.122794631710362829e+19
2.326398252184769331e+19
0.000000000000000000e+00
0.000000000000000000e+00
3.265886392009987686e+19
0.000000000000000000e+00
4.137265917602997043e+19
0.000000000000000000e+00
0.000000000000000000e+00
5.933089887640449024e+19
5.455980024968788378e+19
0.000000000000000000e+00
0.000000000000000000e+00
1.955729712858926612e+20
3.515424959001248399e+20
2.605986891385767526e+20
2.148133541818351944e+20
1.978314606741572750e+15
2.023320788790262497e+20
1.459837702871410750e+15
1.338583021223470750e+15
1.056732833957553000e+15
8.785455680399500000e+14
7.316453884513109606e+19
3.600000000000000512e+18
3.190262172284644352e+18
2.920436953807740416e+18
3.838283395755306189e+19
2.179563046192259328e+18
1.244182272159800320e+18
9.211797752808990720e+17
8.034756554307115418e+19
6.536566791510611200e+17
6.248314606741573120e+17
9.737417602996256768e+18
8.119769038701623040e+17
2.470764107365792973e+19
1.332001872659175936e+18
1.192780274656679168e+18
1.674867665418227098e+19
2.034917602996254720e+18
2.058822097378277376e+18
4.365861423220974080e+18
3.966722846441948160e+18
3.736546816479400755e+19
8.518676654182272000e+18
7.557297128589264486e+19
1.362097378277153792e+19
6.231841448189762765e+19
2.326398252184769331e+19
0.000000000000000000e+00
0.000000000000000000e+00
3.265886392009987686e+19
3.184649188514357248e+19
4.137265917602997043e+19
0.000000000000000000e+00
0.000000000000000000e+00
5.933089887640449024e+19
5.455980024968788378e+19
0.000000000000000000e+00
0.000000000000000000e+00
1.955729712858926612e+20
3.708816479400749957e+20
2.605986891385767526e+20
2.546953752622347059e+20
1.978314606741572750e+15
2.599381923189762621e+20
2.097359474519350641e+20
1.338583021223470750e+15
1.056732833957553000e+15
8.785455680399500000e+14
1.083776438838951117e+20
3.600000000000000512e+18
3.190262172284644352e+18
2.920436953807740416e+18
4.959338327091136922e+19
2.179563046192259328e+18
1.244182272159800320e+18
1.069250936329587968e+18
8.034756554307115418e+19
6.536566791510611200e+17
6.248314606741573120e+17
1.194919807116104909e+19
8.119769038701623040e+17
2.470764107365792973e+19
1.332001872659175936e+18
1.192780274656679168e+18
1.285108614232209613e+19
2.034917602996254720e+18
2.058822097378277376e+18
4.365861423220974080e+18
3.966722846441948160e+18
6.109478776529338368e+19
8.518676654182272000e+18
8.860087390761548186e+19
1.362097378277153792e+19
9.536023720349563290e+19
2.326398252184769331e+19
1.163426342072409457e+20
0.000000000000000000e+00
3.265886392009987686e+19
3.184649188514357248e+19
4.137265917602997043e+19
0.000000000000000000e+00
0.000000000000000000e+00
5.933089887640449024e+19
5.455980024968788378e+19
0.000000000000000000e+00
0.000000000000000000e+00
1.955729712858926612e+20
4.685415492084894269e+20
2.605986891385767526e+20
3.938096129837702185e+20
3.824775280898876375e+20
3.573008739076154982e+20
3.231173455305867919e+20
1.338583021223470750e+15
1.056732833957553000e+15
8.785455680399500000e+14
1.560280898876404531e+20
3.600000000000000512e+18
3.190262172284644352e+18
2.920436953807740416e+18
1.018930087390761615e+20
2.179563046192259328e+18
1.300805243445692928e+18
1.069250936329587968e+18
8.034756554307115418e+19
6.536566791510611200e+17
6.248314606741573120e+17
3.975967540574282547e+19
7.449588014981274880e+17
2.470764107365792973e+19
1.332001872659175936e+18
1.192780274656679168e+18
1.003938826466916352e+18
2.034917602996254720e+18
2.058822097378277376e+18
4.365861423220974080e+18
3.966722846441948160e+18
1.127699126092384338e+20
8.518676654182272000e+18
6.841174442821473075e+19
0.000000000000000000e+00
1.585171660424469217e+20
2.326398252184769331e+19
2.406499747434456678e+20
2.616873283395755622e+19
3.265886392009987686e+19
3.184649188514357248e+19
4.137265917602997043e+19
0.000000000000000000e+00
0.000000000000000000e+00
5.933089887640449024e+19
5.455980024968788378e+19
0.000000000000000000e+00
0.000000000000000000e+00
1.955729712858926612e+20
8.014562748820226048e+20
2.605986891385767526e+20
3.644956304619226399e+20
3.260255930087390577e+20
3.260255930087390577e+20
2.430773978599874888e+20
1.338583021223470750e+15
1.056732833957553000e+15
8.785455680399500000e+14
1.474213388089887785e+20
3.600000000000000512e+18
3.190262172284644352e+18
2.920436953807740416e+18
1.651454431960049910e+20
2.179563046192259328e+18
1.300805243445692928e+18
1.069250936329587968e+18
8.034756554307115418e+19
6.536566791510611200e+17
6.248314606741573120e+17
4.443475382084894720e+19
7.449588014981274880e+17
2.470764107365792973e+19
1.332001872659175936e+18
1.192780274656679168e+18
1.003938826466916352e+18
2.034917602996254720e+18
2.058822097378277376e+18
4.365861423220974080e+18
3.966722846441948160e+18
8.351196673595505050e+19
8.518676654182272000e+18
9.925268414481896243e+19
0.000000000000000000e+00
1.591074282147316040e+20
2.326398252184769331e+19
1.672512121897628140e+20
2.616873283395755622e+19
3.265886392009987686e+19
3.184649188514357248e+19
4.137265917602997043e+19
0.000000000000000000e+00
4.171966292134830899e+19
5.933089887640449024e+19
5.455980024968788378e+19
0.000000000000000000e+00
0.000000000000000000e+00
1.955729712858926612e+20
6.818008739076155638e+20
2.605986891385767526e+20
2.857078590498751119e+20
2.903776451585518141e+20
2.903776451585518141e+20
7.416079681622971515e+20
1.416292134831460750e+15
1.237679151061173500e+15
8.785455680399500000e+14
2.451884972234706780e+20
3.600000000000000512e+18
3.190262172284644352e+18
2.643414481897628160e+18
2.224537996298376970e+20
2.179563046192259328e+18
1.300805243445692928e+18
1.069250936329587968e+18
8.034756554307115418e+19
6.536566791510611200e+17
6.248314606741573120e+17
5.324893882646691021e+19
7.449588014981274880e+17
2.470764107365792973e+19
1.332001872659175936e+18
1.192780274656679168e+18
1.003938826466916352e+18
2.034917602996254720e+18
2.058822097378277376e+18
4.365861423220974080e+18
3.966722846441948160e+18
1.039628122097378427e+20
8.285967540574281728e+18
7.124344569288390246e+19
5.028928214731585946e+19
1.263071161048689213e+20
2.326398252184769331e+19
1.567785112378277233e+20
2.616873283395755622e+19
3.265886392009987686e+19
3.184649188514357248e+19
4.137265917602997043e+19
4.540955056179775078e+19
4.171966292134830899e+19
5.933089887640449024e+19
5.455980024968788378e+19
1.536380149812734198e+20
0.000000000000000000e+00
1.955729712858926612e+20
6.983145748046192312e+20
2.605986891385767526e+20
2.589756505370162627e+20
2.551391981230961459e+20
2.838383204032459244e+20
6.543763806079900713e+20
1.416292134831460750e+15
1.237679151061173500e+15
8.785455680399500000e+14
5.515549208564293960e+20
3.973451935081148416e+18
3.190262172284644352e+18
2.643414481897628160e+18
1.402409427588639293e+20
1.764694132334581504e+18
1.300805243445692928e+18
1.069250936329587968e+18
4.211327476779026022e+19
6.536566791510611200e+17
6.248314606741573120e+17
4.063408239700374323e+19
7.449588014981274880e+17
7.350780274656678400e+17
1.332001872659175936e+18
3.218955181023720243e+19
1.003938826466916352e+18
2.034917602996254720e+18
2.058822097378277376e+18
4.365861423220974080e+18
3.966722846441948160e+18
7.968118415980022989e+19
8.285967540574281728e+18
7.769865131460675174e+19
5.028928214731585946e+19
1.414698728913857577e+20
2.326398252184769331e+19
1.640417331797752873e+20
2.616873283395755622e+19
3.265886392009987686e+19
3.184649188514357248e+19
4.137265917602997043e+19
4.540955056179775078e+19
4.171966292134830899e+19
5.933089887640449024e+19
5.455980024968788378e+19
1.536380149812734198e+20
0.000000000000000000e+00
1.955729712858926612e+20
7.165155635112358707e+20
2.605986891385767526e+20
2.292577976720349594e+20
5.170424249313358643e+20
5.170424249313358643e+20
5.349000985617977180e+20
6.278838696972534415e+20
1.237679151061173500e+15
8.785455680399500000e+14
5.003052275655430636e+20
1.675911128514356838e+20
3.150836454431960064e+18
2.643414481897628160e+18
1.281360586754057667e+20
1.764694132334581504e+18
1.300805243445692928e+18
1.069250936329587968e+18
3.472589278838951526e+19
6.536566791510611200e+17
6.210611735330836480e+17
2.749812734082396979e+19
7.449588014981274880e+17
7.350780274656678400e+17
1.332001872659175936e+18
3.218955181023720243e+19
1.003938826466916352e+18
2.034917602996254720e+18
2.058822097378277376e+18
4.365861423220974080e+18
3.966722846441948160e+18
4.469655627215980134e+19
8.285967540574281728e+18
6.315884440886393242e+19
5.028928214731585946e+19
8.741223470661672960e+19
2.284667915106117632e+19
1.876595505617977672e+20
2.616873283395755622e+19
3.265886392009987686e+19
3.184649188514357248e+19
4.137265917602997043e+19
4.540955056179775078e+19
4.171966292134830899e+19
5.933089887640449024e+19
5.455980024968788378e+19
1.536380149812734198e+20
0.000000000000000000e+00
1.955729712858926612e+20
5.755655307147316429e+20
2.605986891385767526e+20
4.373932469363295519e+20
4.193433081978775798e+20
5.170424249313358643e+20
5.349000985617977180e+20
5.349000985617977180e+20
1.237679151061173500e+15
1.056732833957553000e+15
4.754924848970036675e+20
1.675911128514356838e+20
3.150836454431960064e+18
2.643414481897628160e+18
1.565617837103620751e+20
1.764694132334581504e+18
1.300805243445692928e+18
1.069250936329587968e+18
3.787633118039950131e+19
7.780805243445693440e+17
6.210611735330836480e+17
1.740778312172284518e+19
7.449588014981274880e+17
7.350780274656678400e+17
2.777918508426966221e+19
3.218955181023720243e+19
1.003938826466916352e+18
2.034917602996254720e+18
2.058822097378277376e+18
4.136534734456928666e+19
3.966722846441948160e+18
3.406935081148564685e+19
8.285967540574281728e+18
7.172062696816479437e+19
5.028928214731585946e+19
8.741223470661672960e+19
2.284667915106117632e+19
1.876595505617977672e+20
2.616873283395755622e+19
3.265886392009987686e+19
3.184649188514357248e+19
4.137265917602997043e+19
4.540955056179775078e+19
4.171966292134830899e+19
5.933089887640449024e+19
5.455980024968788378e+19
1.536380149812734198e+20
1.911916978776529306e+20
1.955729712858926612e+20
5.755655307147316429e+20
2.605986891385767526e+20
3.619082330561797816e+20
4.373932469363295519e+20
4.193433081978775798e+20
5.160674016604244541e+20
5.160674016604244541e+20
1.237679151061173500e+15
1.056732833957553000e+15
4.025986205105492460e+20
1.459768920680399667e+20
3.150836454431960064e+18
2.643414481897628160e+18
1.312740033158551798e+20
7.067514408863920128e+19
1.831086142322097408e+18
1.244182272159800320e+18
3.787633118039950131e+19
7.780805243445693440e+17
6.210611735330836480e+17
1.994024471722846618e+19
7.449588014981274880e+17
7.350780274656678400e+17
2.370167274406991053e+19
3.218955181023720243e+19
1.003938826466916352e+18
2.030112359550561792e+18
2.011921972534332160e+18
3.923657178089887334e+19
4.054931335830212608e+18
5.725719974032459366e+19
8.285967540574281728e+18
4.321836454431960269e+19
5.028928214731585946e+19
1.087337078651685274e+19
2.284667915106117632e+19
1.634528714107365622e+20
2.616873283395755622e+19
3.265886392009987686e+19
3.184649188514357248e+19
4.137265917602997043e+19
4.540955056179775078e+19
4.171966292134830899e+19
5.933089887640449024e+19
5.455980024968788378e+19
1.536380149812734198e+20
1.911916978776529306e+20
1.955729712858926612e+20
5.632890137328340173e+20
2.605986891385767526e+20
3.619082330561797816e+20
4.373932469363295519e+20
3.425081004775280476e+20
4.567421815848939028e+20
4.567421815848939028e+20
1.338583021223470750e+15
1.056732833957553000e+15
4.025986205105492460e+20
1.459768920680399667e+20
3.150836454431960064e+18
2.643414481897628160e+18
1.312740033158551798e+20
7.067514408863920128e+19
1.831086142322097408e+18
1.244182272159800320e+18
5.894080891073658061e+19
7.780805243445693440e+17
6.210611735330836480e+17
5.720074906367041280e+17
8.787902621722846720e+17
7.350780274656678400e+17
2.370167274406991053e+19
3.218955181023720243e+19
1.003938826466916352e+18
2.030112359550561792e+18
2.011921972534332160e+18
3.923657178089887334e+19
4.054931335830212608e+18
3.854247990823969587e+19
8.285967540574281728e+18
4.321836454431960269e+19
5.028928214731585946e+19
1.087337078651685274e+19
2.284667915106117632e+19
1.411632768420724408e+20
2.616873283395755622e+19
3.265886392009987686e+19
3.184649188514357248e+19
4.137265917602997043e+19
4.540955056179775078e+19
4.171966292134830899e+19
5.933089887640449024e+19
5.455980024968788378e+19
1.536380149812734198e+20
1.911916978776529306e+20
1.955729712858926612e+20
5.632890137328340173e+20
2.605986891385767526e+20
2.550630330973782671e+20
3.619082330561797816e+20
3.425081004775280476e+20
3.425081004775280476e+20
4.567421815848939028e+20
1.338583021223470750e+15
1.056732833957553000e+15
3.446922402247191429e+20
1.525954871061173371e+20
3.150836454431960064e+18
3.190262172284644352e+18
2.704544319600499200e+18
6.692583200499376128e+19
1.831086142322097408e+18
1.244182272159800320e+18
5.730736130480648192e+19
7.780805243445693440e+17
6.210611735330836480e+17
5.720074906367041280e+17
8.787902621722846720e+17
7.350780274656678400e+17
2.907558645380774298e+19
3.218955181023720243e+19
1.155623595505617920e+18
2.030112359550561792e+18
2.011921972534332160e+18
4.947837436267166106e+19
4.054931335830212608e+18
4.454300873907615232e+18
8.285967540574281728e+18
4.321836454431960269e+19
5.028928214731585946e+19
1.087337078651685274e+19
2.284667915106117632e+19
1.116872403770287063e+20
2.616873283395755622e+19
1.936452122590511759e+20
3.184649188514357248e+19
4.137265917602997043e+19
4.540955056179775078e+19
4.171966292134830899e+19
5.933089887640449024e+19
5.455980024968788378e+19
1.536380149812734198e+20
1.911916978776529306e+20
1.955729712858926612e+20
5.833389414850187756e+20
2.605986891385767526e+20
2.550630330973782671e+20
2.550630330973782671e+20
3.425081004775280476e+20
3.425081004775280476e+20
4.071229571966292460e+20
3.320736382865168794e+20
1.237679151061173500e+15
3.446922402247191429e+20
1.525954871061173371e+20
3.600000000000000512e+18
3.190262172284644352e+18
2.920436953807740416e+18
6.692583200499376128e+19
1.831086142322097408e+18
1.244182272159800320e+18
5.730736130480648192e+19
8.034756554307115418e+19
6.520143570536828160e+17
5.720074906367041280e+17
8.787902621722846720e+17
8.119769038701623040e+17
2.581323345817728205e+19
1.209023720349562880e+18
1.155623595505617920e+18
2.030112359550561792e+18
2.011921972534332160e+18
4.947837436267166106e+19
4.054931335830212608e+18
4.454300873907615232e+18
8.285967540574281728e+18
4.321836454431960269e+19
5.028928214731585946e+19
1.087337078651685274e+19
2.284667915106117632e+19
1.116872403770287063e+20
2.616873283395755622e+19
1.727577163576779080e+20
3.184649188514357248e+19
4.137265917602997043e+19
4.540955056179775078e+19
4.171966292134830899e+19
2.657997240212234240e+20
5.455980024968788378e+19
1.536380149812734198e+20
1.911916978776529306e+20
1.955729712858926612e+20
5.833389414850187756e+20
2.605986891385767526e+20
2.550630330973782671e+20
2.550630330973782671e+20
1.728957310586766623e+20
3.425081004775280476e+20
4.071229571966292460e+20
3.320736382865168794e+20
1.237679151061173500e+15
3.373676449357053952e+20
3.446922402247191429e+20
1.368351938258427249e+20
3.150836454431960064e+18
2.920436953807740416e+18
1.108108539781523046e+20
2.179563046192259328e+18
1.300805243445692928e+18
9.211797752808990720e+17
3.375410018539325850e+19
6.520143570536828160e+17
6.248314606741573120e+17
8.214915106117354496e+18
8.119769038701623040e+17
2.378806139388264858e+19
1.209023720349562880e+18
1.155623595505617920e+18
2.089300307322097254e+19
1.771111735330836480e+18
2.497526194943820595e+19
4.054931335830212608e+18
4.454300873907615232e+18
7.977103620474405888e+18
4.321836454431960269e+19
1.449628589263420826e+19
1.087337078651685274e+19
2.284667915106117632e+19
2.259705368289637990e+19
6.375197877652934656e+19
1.727577163576779080e+20
3.172123595505618125e+19
7.991535580524345754e+19
4.540955056179775078e+19
4.171966292134830899e+19
2.657997240212234240e+20
1.416938202247191265e+20
1.536380149812734198e+20
1.911916978776529306e+20
1.955729712858926612e+20
5.616185838108613673e+20
2.605986891385767526e+20
