1.101339269027488125e+15
1.101339269027488125e+15
8.726533823738290000e+14
1.188711902038619500e+15
1.667291820852676250e+15
2.051214425082419250e+15
1.667291820852676250e+15
2.051214425082419250e+15
2.051900692996030000e+15
2.051900692996030000e+15
2.635378307056299000e+15
1.955959803239961500e+15
2.466578079795465000e+15
1.955959803239961500e+15
5.833052995133328750e+14
5.833052995133328750e+14
1.527961679636980500e+15
1.527961679636980500e+15
1.196587723429545250e+15
1.196587723429545250e+15
1.795094081499921500e+15
1.795094081499921500e+15
1.279406355827670250e+15
1.279406355827670250e+15
1.508076917326395750e+15
2.840973483744122000e+15
4.619661426211247000e+15
3.677950466108980000e+15
3.988070675129142000e+15
3.983663758625072000e+15
3.988070675129142000e+15
3.983663758625072000e+15
1.101339269027488125e+15
1.101339269027488125e+15
8.726533823738290000e+14
1.188711902038619500e+15
1.667291820852676250e+15
2.051214425082419250e+15
2.051214425082419250e+15
2.051900692996030000e+15
2.272016827767685500e+15
2.635378307056299000e+15
3.021184783990072000e+15
2.518850314352568500e+15
2.171514648605410500e+15
1.955959803239961500e+15
2.171514648605410500e+15
5.833052995133328750e+14
1.527961679636980500e+15
1.527961679636980500e+15
1.196587723429545250e+15
2.596440078644209500e+15
1.795094081499921500e+15
2.810447644037767000e+15
1.725973521122548750e+15
1.508076917326395750e+15
1.663299991776746250e+15
2.840973483744122000e+15
3.820873234803799500e+15
3.926986102700964500e+15
4.271965432431017000e+15
3.926986102700964500e+15
3.983663758625072000e+15
3.817649345503749500e+15
1.101339269027488125e+15
1.101339269027488125e+15
1.008856070630274875e+15
1.188711902038619500e+15
2.075054198718667500e+15
2.075054198718667500e+15
2.272016827767685500e+15
2.051900692996030000e+15
2.272016827767685500e+15
2.635378307056299000e+15
3.342694947184283000e+15
3.342694947184283000e+15
2.171514648605410500e+15
1.928819327636860750e+15
2.171514648605410500e+15
1.527961679636980500e+15
1.561726733798320750e+15
1.561726733798320750e+15
1.561726733798320750e+15
1.912530183079533500e+15
1.725973521122548750e+15
2.810447644037767000e+15
1.725973521122548750e+15
1.663299991776746250e+15
1.663299991776746250e+15
2.968884328720835000e+15
3.753216413614718500e+15
3.926986102700964500e+15
4.271965432431017000e+15
3.983663758625072000e+15
3.983663758625072000e+15
3.817649345503749500e+15
1.101339269027488125e+15
1.101339269027488125e+15
1.008856070630274875e+15
1.188711902038619500e+15
4.445920892297801000e+15
4.445920892297801000e+15
2.272016827767685500e+15
2.051214425082419250e+15
2.272016827767685500e+15
2.635378307056299000e+15
3.342694947184283000e+15
3.342694947184283000e+15
2.171514648605410500e+15
1.928819327636860750e+15
2.171514648605410500e+15
3.225892783720947500e+15
3.225892783720947500e+15
1.912530183079533500e+15
1.788724050027286250e+15
1.788724050027286250e+15
1.725973521122548750e+15
3.027165519148968000e+15
1.725973521122548750e+15
2.002437634095105500e+15
2.002437634095105500e+15
2.968884328720835000e+15
3.753216413614718500e+15
3.988070675129142000e+15
4.167739427512017000e+15
3.988070675129142000e+15
3.983663758625072000e+15
3.817649345503749500e+15
1.101339269027488125e+15
1.101339269027488125e+15
1.008856070630274875e+15
1.179608946900207250e+15
7.245174445117256000e+15
7.245174445117256000e+15
2.272016827767685500e+15
1.872827005165698500e+15
2.272016827767685500e+15
2.635378307056299000e+15
3.342694947184283000e+15
3.342694947184283000e+15
2.171514648605410500e+15
1.928819327636860750e+15
2.351358892701488000e+15
2.565323099120111500e+15
2.565323099120111500e+15
1.912530183079533500e+15
1.788724050027286250e+15
1.788724050027286250e+15
1.788724050027286250e+15
1.725973521122548750e+15
1.725973521122548750e+15
2.002437634095105500e+15
2.002437634095105500e+15
2.968884328720835000e+15
3.753216413614718500e+15
4.167739427512017000e+15
4.167739427512017000e+15
4.167739427512017000e+15
4.043347761406026400e+16
4.043347761406026400e+16
1.101339269027488125e+15
1.101339269027488125e+15
1.008856070630274875e+15
1.179608946900207250e+15
1.143542503008963400e+16
1.143542503008963400e+16
2.034155658720013000e+15
1.872827005165698500e+15
2.034155658720013000e+15
2.927740960027510500e+15
2.927740960027510500e+15
1.928819327636860750e+15
1.928819327636860750e+15
1.707250106528515750e+15
2.351358892701488000e+15
2.403156234347783500e+15
2.403156234347783500e+15
1.912530183079533500e+15
1.788724050027286250e+15
1.788724050027286250e+15
2.178321260101511000e+15
1.646984682320751500e+15
1.663299991776746250e+15
1.663299991776746250e+15
2.840973483744122000e+15
3.820873234803799500e+15
4.167739427512017000e+15
4.271965432431017000e+15
4.271965432431017000e+15
4.481929399627710400e+16
4.800765510178145600e+16
4.481929399627710400e+16
1.101339269027488125e+15
1.101339269027488125e+15
1.008856070630274875e+15
1.179608946900207250e+15
1.839079145080625200e+16
1.839079145080625200e+16
2.034155658720013000e+15
1.494791503136049750e+15
2.034155658720013000e+15
2.927740960027510500e+15
2.927740960027510500e+15
1.707250106528515750e+15
1.707250106528515750e+15
1.964682806671301500e+15
2.565323099120111500e+15
2.403156234347783500e+15
2.403156234347783500e+15
2.075778592627478750e+15
2.075778592627478750e+15
1.795094081499921500e+15
2.810447644037767000e+15
1.646984682320751500e+15
1.663299991776746250e+15
1.663299991776746250e+15
3.820873234803799500e+15
4.619661426211247000e+15
4.619661426211247000e+15
4.271965432431017000e+15
4.271965432431017000e+15
4.981230423049033600e+16
8.398996015459716800e+16
4.800765510178145600e+16
1.101339269027488125e+15
1.101339269027488125e+15
1.008856070630274875e+15
1.179608946900207250e+15
2.646049847869803200e+16
2.646049847869803200e+16
1.992209214529741750e+15
1.494791503136049750e+15
1.992209214529741750e+15
1.496254494755806750e+15
1.496254494755806750e+15
1.496254494755806750e+15
1.964682806671301500e+15
2.115624556131183250e+15
2.685920294242974500e+15
2.565323099120111500e+15
2.565323099120111500e+15
2.114396674815163750e+15
2.178321260101511000e+15
1.795094081499921500e+15
2.810447644037767000e+15
1.795094081499921500e+15
2.810447644037767000e+15
2.968884328720835000e+15
4.619661426211247000e+15
4.619661426211247000e+15
4.619661426211247000e+15
4.167739427512017000e+15
4.167739427512017000e+15
9.438250839145678400e+16
1.108869153079608640e+17
1.630585458296888960e+17
