-5.361174654436444800e+16
-4.382153483295580000e+16
-3.957376445610652000e+16
-2.324000313978783600e+16
-1.790757062653718600e+16
-1.864648044734501200e+16
-1.524966920092399600e+16
-8.788456794276615000e+15
-5.361174654436444800e+16
-4.382153483295580000e+16
-3.274710504085462400e+16
-1.790757062653718600e+16
-1.640582318509049400e+16
-8.788456794276615000e+15
-8.788456794276615000e+15
-4.474291118138256000e+15
-5.361174654436444800e+16
-3.930876075564227200e+16
-2.124274110954121600e+16
-1.616942706347604400e+16
-4.004051821450732000e+15
-3.714340980959429500e+15
-4.474291118138256000e+15
-4.474291118138256000e+15
-6.394028048771371200e+16
-2.124274110954121600e+16
-1.405722824014891400e+16
-3.714340980959429500e+15
-1.571796481942482000e+15
9.894069538824970703e+12
9.894069538824970703e+12
-1.369975404995252750e+15
-1.199742836424529200e+16
-1.199742836424529200e+16
-7.876320392922021000e+15
-3.293613148235364500e+15
-1.571796481942482000e+15
9.894069538824970703e+12
9.894069538824970703e+12
-1.369975404995252750e+15
-1.199742836424529200e+16
-7.876320392922021000e+15
-3.692138195519074000e+15
-3.692138195519074000e+15
-3.293613148235364500e+15
-4.501371788258688750e+14
9.894069538824970703e+12
9.894069538824970703e+12
-7.876320392922021000e+15
-3.692138195519074000e+15
-3.692138195519074000e+15
-3.692138195519074000e+15
-3.293613148235364500e+15
-1.628803254913394000e+15
-9.007918619689458750e+14
-5.560977296343641875e+14
-2.548265080326239000e+15
-2.548265080326239000e+15
-1.578670374606590500e+15
-1.628803254913394000e+15
-1.628803254913394000e+15
-9.007918619689458750e+14
-5.560977296343641875e+14
-5.560977296343641875e+14
