-3.274313940724478008e+31
-8.338133918770580996e+30
-5.526098792535674883e+32
-1.628850713501646461e+33
-3.465367727771679413e+32
-9.298417124039515973e+32
-7.752985729967067827e+32
-2.708502744237102215e+32
-3.274313940724478008e+31
-3.152845664105377941e+33
-2.253410757409440075e+33
-2.668144895718990104e+33
-2.502489571899011992e+33
-5.573885839736553267e+33
-1.823025686059275342e+34
-6.380076838638857805e+33
-3.274313940724478008e+31
-6.321027442371019710e+33
-9.648733260153677749e+33
-8.258818880351261244e+33
-5.269655323819977299e+33
-9.690676180021953503e+33
-1.688919648737650769e+34
-2.518283205268934693e+34
-8.338133918770580996e+30
-1.229487376509330519e+34
-2.955796267837541102e+34
-2.099494621295280021e+34
-1.304307793633370007e+34
-6.439659714599340800e+33
-5.431598682766190544e+34
-6.007802414928649755e+34
-1.229487376509330519e+34
-1.528951481888035063e+34
-1.604533479692645258e+34
-1.260326454445663957e+34
-4.029846542261250548e+34
-2.851211196487376454e+34
-6.223172338090010980e+34
-1.257626805708013108e+35
-1.645571020856201737e+34
-1.079586169045005499e+34
-3.110075082327113026e+34
-2.585149725576289332e+34
-2.786506476399560976e+34
-3.686508452250274869e+34
-1.267989462129528084e+35
-3.655771459934138138e+35
-2.478581339187705731e+34
-1.669416465422612531e+34
-2.903930406147091183e+34
-4.284592316136113987e+34
-4.111372118551042348e+34
-6.903391877058178992e+34
-1.309385071350164702e+35
-5.443074643249177263e+35
-1.706208342480790367e+34
-2.038550823271130688e+34
-3.586610537870471708e+34
-2.691238199780461513e+33
-3.472510208562019830e+34
-6.661141602634467159e+34
-1.437156092206366605e+35
-6.224843688254666574e+35
