-1.552067587671099600e+16
-2.930476126398887500e+15
-1.119496961133911875e+15
-1.119496961133911875e+15
-3.240625490591850000e+14
-4.693287582139092500e+14
-8.909091928502543750e+14
-8.909091928502543750e+14
-1.496755552565281250e+14
-1.496755552565281250e+14
-9.373847809997980000e+14
-9.041194764029992000e+15
-9.041194764029992000e+15
-7.564911375750372000e+15
-7.564911375750372000e+15
-5.775047470601867200e+16
-2.930476126398887500e+15
-1.638000403687008000e+15
-1.569882706497117750e+15
-1.119496961133911875e+15
-3.240625490591850000e+14
-3.240625490591850000e+14
-4.693287582139092500e+14
-8.909091928502543750e+14
-1.496755552565281250e+14
-1.496755552565281250e+14
-9.373847809997980000e+14
-9.041194764029992000e+15
-1.219912422346318400e+16
-1.219912422346318400e+16
-2.036832701637922400e+16
-5.775047470601867200e+16
-2.448640172837844500e+15
-1.638000403687008000e+15
-1.638000403687008000e+15
-1.119496961133911875e+15
-3.240625490591850000e+14
4.474384564204922500e+14
4.474384564204922500e+14
-8.909091928502543750e+14
-8.909091928502543750e+14
-7.845507486898861250e+14
-9.373847809997980000e+14
-3.231123894533031000e+15
-1.219912422346318400e+16
-2.036832701637922400e+16
-2.605734224435024800e+16
-6.218857416253634400e+16
-1.638000403687008000e+15
-1.569882706497117750e+15
-1.638000403687008000e+15
-1.569882706497117750e+15
-3.240625490591850000e+14
1.646089842786337500e+14
1.646089842786337500e+14
-4.014966322037573750e+14
-4.082559599901320000e+14
-4.082559599901320000e+14
-7.845507486898861250e+14
-1.321596507359812000e+15
-1.219912422346318400e+16
-2.036832701637922400e+16
-2.856042596455029600e+16
-2.869747396592582000e+16
-5.097998759036234375e+14
-9.031095113144497500e+14
-9.964527873092763750e+14
-9.031095113144497500e+14
-3.240625490591850000e+14
1.646089842786337500e+14
1.207883857752658789e+13
-3.744591341661246875e+14
-4.082559599901320000e+14
-4.082559599901320000e+14
-7.845507486898861250e+14
-1.235453250801767000e+15
-3.231123894533031000e+15
-1.192161183251474400e+16
-2.067631964535348000e+16
-2.605734224435024800e+16
-5.097998759036234375e+14
-5.097998759036234375e+14
-9.031095113144497500e+14
-3.240625490591850000e+14
-3.240625490591850000e+14
1.646089842786337500e+14
-1.129912459724745469e+14
-2.608335015362533125e+14
-4.014966322037573750e+14
-3.744591341661246875e+14
-5.963283171484745000e+14
-1.558870461324541750e+15
-1.778975943244596750e+15
-8.209620085671351000e+15
-1.023087159015302600e+16
-1.023087159015302600e+16
-4.293646788819365000e+14
-2.855423983493686875e+14
-4.293646788819365000e+14
-1.282229548393848750e+14
-2.612292269393796562e+14
1.207883857752658789e+13
-4.693287582139092500e+14
-2.831133164382844375e+14
-3.744591341661246875e+14
-3.744591341661246875e+14
-5.963283171484745000e+14
-1.558870461324541750e+15
-1.778975943244596750e+15
-1.875008410145999500e+15
-7.218523626903495000e+15
-4.921578191930744000e+15
-4.293646788819365000e+14
-2.855423983493686875e+14
-2.855423983493686875e+14
-2.612292269393796562e+14
-2.612292269393796562e+14
-2.612292269393796562e+14
-4.693287582139092500e+14
-2.831133164382844375e+14
-2.831133164382844375e+14
-2.831133164382844375e+14
-5.963283171484745000e+14
-1.548870909865661750e+15
-1.558870461324541750e+15
-1.778975943244596750e+15
-1.564332757705562500e+15
-1.564332757705562500e+15
