2.345761548064919040e+18
1.251061173533083648e+18
2.229800249687890330e+19
4.269063670411984077e+19
2.455599250936329830e+19
3.770212234706617139e+19
4.453745318352061235e+19
3.328863920099875226e+19
2.345761548064919040e+18
4.557109451448189747e+19
4.832571785268415693e+19
6.048196004993758003e+19
6.851641697877653094e+19
1.275466916354556887e+20
3.164555555555555410e+20
1.777053682896379576e+20
2.345761548064919040e+18
6.347627965043695616e+19
8.871766541822722048e+19
1.074762796504369562e+20
1.106584893882646856e+20
1.910580524344569364e+20
3.248875156054932193e+20
4.648415730337079624e+20
1.251061173533083648e+18
1.015607365792758989e+20
1.779731585518102118e+20
1.845468164794007552e+20
1.913102372034956493e+20
2.286853932584269906e+20
7.137159800249687736e+20
1.049689762796504482e+21
1.015607365792758989e+20
1.376991260923845018e+20
1.464887640449438515e+20
1.711635455680399278e+20
3.403601747815230996e+20
4.227734082397004104e+20
8.186092384519351173e+20
1.795919475655430898e+21
1.410205912965043487e+20
1.467971285892634051e+20
2.236192259675406336e+20
2.635730337078651781e+20
3.087996254681648333e+20
5.209444444444444590e+20
1.256833333333333377e+21
3.789955056179776324e+21
1.815430629419475599e+20
1.798439450686641603e+20
2.373988764044944015e+20
3.471803995006242652e+20
3.945636704119850926e+20
6.813926342072409784e+20
1.344685393258426663e+21
5.116979400749062554e+21
1.562771490178526740e+20
1.891498127340824166e+20
2.630717852684145132e+20
1.722571785268414710e+20
3.845237203495630930e+20
7.457490636704119521e+20
1.476581148564294468e+21
5.523408239700375241e+21
