-1.624956080348666000e+15
-1.401842382650429250e+15
-4.087089865213393125e+14
-1.402898323203779688e+14
2.000063543325334062e+14
2.288043762661942188e+14
2.288043762661942188e+14
5.593027428289488125e+14
3.788228785873945000e+14
3.788228785873945000e+14
3.000171940762668750e+14
3.000171940762668750e+14
2.921561371638745000e+14
2.850283889150538125e+14
2.967816053286685625e+14
7.283988203368543750e+14
-8.998295543743973750e+14
-8.998295543743973750e+14
-6.723033334080901250e+14
-1.402898323203779688e+14
2.000063543325334062e+14
6.830982230295962500e+14
5.593027428289488125e+14
6.830982230295962500e+14
5.593027428289488125e+14
3.793674822639365000e+14
3.793674822639365000e+14
3.120899212810333750e+14
3.120899212810333750e+14
2.967816053286685625e+14
3.874836469383330000e+14
7.283988203368543750e+14
-8.998295543743973750e+14
-8.998295543743973750e+14
-1.605884672602360500e+15
-1.402898323203779688e+14
-1.402898323203779688e+14
7.138550614127550000e+14
6.830982230295962500e+14
9.745583738889261250e+14
9.745583738889261250e+14
6.190259929579042500e+14
3.793674822639365000e+14
3.793674822639365000e+14
3.874836469383330000e+14
3.120899212810333750e+14
2.083387532052001000e+15
2.513414743546614400e+16
-1.605884672602360500e+15
-8.885089932494561250e+14
-7.152700217542442500e+14
3.273129770421703125e+14
7.138550614127550000e+14
9.850934834450948750e+14
7.138550614127550000e+14
2.209124821518012750e+15
2.209924719848692250e+15
3.793674822639365000e+14
3.793674822639365000e+14
5.015263106745310000e+14
2.083387532052001000e+15
5.015263106745310000e+14
2.513414743546614400e+16
3.056114176142097600e+16
-1.605884672602360500e+15
-1.605884672602360500e+15
-7.152700217542442500e+14
3.273129770421703125e+14
3.273129770421703125e+14
7.138550614127550000e+14
7.138550614127550000e+14
2.209124821518012750e+15
2.162403657105265000e+15
2.366465570731196562e+14
2.366465570731196562e+14
7.616844961761867500e+14
3.980955691613028000e+15
1.756351155367168400e+16
2.821635567815679200e+16
4.644262598398708800e+16
-7.152700217542442500e+14
-1.089646549597434250e+15
-1.566529861625064375e+14
-5.968258240074158750e+14
-3.245269760105257500e+14
-3.245269760105257500e+14
-3.245269760105257500e+14
2.209124821518012750e+15
2.139784102207570000e+14
2.366465570731196562e+14
2.366465570731196562e+14
1.302671809938176000e+15
5.368969925317903000e+15
1.287458416500332400e+16
2.821635567815679200e+16
4.644262598398708800e+16
-1.089646549597434250e+15
-1.258079720708395750e+15
-1.258079720708395750e+15
-2.276665582692293500e+15
-9.398939947819716250e+14
-6.906131557110497500e+14
-6.906131557110497500e+14
1.713227103844744750e+15
2.139784102207570000e+14
1.302671809938176000e+15
5.337523828747000000e+15
4.114349951781828500e+15
5.368969925317903000e+15
9.475788124126278000e+15
2.420446186279126800e+16
4.154823685961410400e+16
-1.894002257656970500e+15
-1.894002257656970500e+15
-1.258079720708395750e+15
-1.258079720708395750e+15
-5.968258240074158750e+14
-2.623221721351304375e+14
7.684369089536281250e+14
3.821663227851413500e+15
2.439576278155299500e+15
2.439576278155299500e+15
5.337523828747000000e+15
4.114349951781828500e+15
2.309166311571613000e+15
4.114349951781828500e+15
1.659586220816793600e+16
2.420446186279126800e+16
-1.996346258793275000e+15
-2.276665582692293500e+15
-2.276665582692293500e+15
-1.747210261125688500e+15
-7.258133545642796250e+14
-2.623221721351304375e+14
2.979836207734344000e+15
2.979836207734344000e+15
1.165101818834241500e+15
2.439576278155299500e+15
5.337523828747000000e+15
-7.957543714069987000e+15
-7.957543714069987000e+15
9.475788124126278000e+15
2.300208384728670000e+16
2.420446186279126800e+16
-2.118584927523230500e+15
-2.118584927523230500e+15
-1.747210261125688500e+15
-7.853057929085646250e+14
-7.258133545642796250e+14
-2.623221721351304375e+14
-2.623221721351304375e+14
-2.124075818400651562e+14
-2.124075818400651562e+14
1.165101818834241500e+15
1.165101818834241500e+15
-8.565754259271718000e+15
-1.030087203869414600e+16
2.309166311571613000e+15
1.968629034066698000e+16
2.740625864376116400e+16
-2.051978440123498500e+15
-2.051978440123498500e+15
-1.747210261125688500e+15
-7.853057929085646250e+14
-7.853057929085646250e+14
-7.853057929085646250e+14
-3.009523462438419000e+15
-8.304757526146208750e+14
-8.304757526146208750e+14
1.165101818834241500e+15
-2.911396308506582000e+15
-8.937963025260339000e+15
-1.030087203869414600e+16
-2.814677760583701500e+15
2.300208384728670000e+16
2.740625864376116400e+16
-2.118584927523230500e+15
-2.051978440123498500e+15
-8.059312087435615000e+14
-7.853057929085646250e+14
-5.312371511658330625e+14
-3.585768537830705625e+14
-2.289426764448630500e+15
2.081741199249441000e+15
1.165101818834241500e+15
1.165101818834241500e+15
-2.911396308506582000e+15
-8.937963025260339000e+15
-1.571477830855143200e+16
-1.030087203869414600e+16
6.900676175738409000e+15
1.024005360066384000e+16
-3.007311407148250000e+15
-2.051978440123498500e+15
-8.162009314703925000e+14
-8.162009314703925000e+14
-5.312371511658330625e+14
-3.585768537830705625e+14
-8.909091928502543750e+14
-1.496755552565281250e+14
4.350871291125613500e+15
4.350871291125613500e+15
-9.373847809997980000e+14
-8.937963025260339000e+15
-8.937963025260339000e+15
-7.564911375750372000e+15
6.900676175738409000e+15
8.538553978185950000e+15
-2.553659347970724800e+16
-2.794787017724850000e+15
-8.269472291372311250e+14
-8.269472291372311250e+14
-3.823482248985175625e+14
-3.585768537830705625e+14
-8.909091928502543750e+14
-8.909091928502543750e+14
-1.496755552565281250e+14
-1.496755552565281250e+14
-9.373847809997980000e+14
-8.937963025260339000e+15
-1.571477830855143200e+16
-7.564911375750372000e+15
-6.510899923000442000e+15
-1.118091532291222375e+15
-2.773201723893037200e+16
-3.007311407148250000e+15
-1.032666875985855500e+15
-1.032666875985855500e+15
-4.693287582139092500e+14
-9.839403589824096250e+14
-8.909091928502543750e+14
-8.909091928502543750e+14
-1.496755552565281250e+14
-1.496755552565281250e+14
-9.373847809997980000e+14
-8.937963025260339000e+15
-8.937963025260339000e+15
-7.564911375750372000e+15
-6.510899923000442000e+15
-6.510899923000442000e+15
-1.552067587671099600e+16
-1.552067587671099600e+16
-1.119496961133911875e+15
-1.119496961133911875e+15
-4.693287582139092500e+14
-9.839403589824096250e+14
-5.741352500990527500e+14
-9.839403589824096250e+14
-5.741352500990527500e+14
7.909405907286548438e+13
7.909405907286548438e+13
-1.985336443218429750e+15
-7.564911375750372000e+15
-1.985336443218429750e+15
-6.510899923000442000e+15
-6.510899923000442000e+15
