9.096997503121098240e+17
7.998782771535580160e+17
7.671922596754058240e+17
9.185986267166041600e+17
4.686615919787765760e+19
1.117852621722846413e+19
1.523572409488139776e+18
1.797189762796504320e+18
2.256987515605493248e+18
2.395920724094881280e+18
2.857445692883895296e+18
6.530785847066166067e+19
3.227386392009987584e+18
3.441772784019975168e+18
6.271645517166042317e+19
1.059667290886392218e+19
2.795780274656679424e+18
5.890858760174782054e+19
8.322553058676655104e+18
1.405174781523096064e+18
1.476877028714107392e+18
6.181627925780275200e+19
1.415686641697877760e+18
6.854181188514356429e+19
2.507141073657927680e+18
3.410137328339575296e+18
1.916916147284644004e+20
4.298652933832708608e+18
2.341291916379525939e+20
1.733476758845193585e+20
1.505786344569288458e+20
1.789244527034956186e+20
9.096997503121098240e+17
7.998782771535580160e+17
7.671922596754058240e+17
9.185986267166041600e+17
5.177339200124843622e+19
5.722471113732834099e+19
1.523572409488139776e+18
1.746431335830212352e+18
2.256987515605493248e+18
2.395920724094881280e+18
2.857445692883895296e+18
6.621120905305867059e+19
1.113554931335830118e+19
3.441772784019975168e+18
6.095603063732834304e+19
3.274263420724094976e+18
2.830074906367041024e+18
6.810509672908863898e+19
1.880536828963795200e+18
5.938777897627965030e+19
1.466660424469413376e+18
6.423906326716603597e+19
1.462041198501872896e+18
7.899124643570537267e+19
2.412821473158551552e+18
3.004800249687890432e+18
1.636372967421972972e+20
4.156833770287140864e+18
1.828414321317103862e+20
1.724275799731585679e+20
1.733476758845193585e+20
1.505786344569288458e+20
9.096997503121098240e+17
7.998782771535580160e+17
7.671922596754058240e+17
9.185986267166041600e+17
5.177339200124843622e+19
5.722471113732834099e+19
1.411712234706616576e+18
1.746431335830212352e+18
2.256987515605493248e+18
2.473630461922596864e+18
6.094624063108612096e+19
5.824474286392011162e+19
1.113554931335830118e+19
3.340043695380773376e+18
5.873145446504368538e+19
3.274263420724094976e+18
2.830074906367041024e+18
6.810509672908863898e+19
1.880536828963795200e+18
6.169604745755307213e+19
1.458264669163545344e+18
6.184223774906368000e+19
1.462041198501872896e+18
7.899124643570537267e+19
9.982501338888888320e+19
3.004800249687890432e+18
1.636372967421972972e+20
1.787546500711610778e+20
4.620318352059924480e+18
2.060505292159800443e+20
1.724275799731585679e+20
1.505786344569288458e+20
9.096997503121098240e+17
7.998782771535580160e+17
7.671922596754058240e+17
9.185986267166041600e+17
4.062309612983770317e+19
4.456178178152309555e+19
1.411712234706616576e+18
1.746431335830212352e+18
2.256987515605493248e+18
2.473630461922596864e+18
5.101640289575529677e+19
5.642867978152310374e+19
3.230480649188514816e+18
3.340043695380773376e+18
5.499236583083645338e+19
3.026986891385767424e+18
2.830074906367041024e+18
5.703083097047439770e+19
1.880536828963795200e+18
5.719368538014982144e+19
1.458264669163545344e+18
6.004753920224718848e+19
1.421367041198501888e+18
1.529132334581772800e+18
9.202929906616729600e+19
2.695667915106117120e+18
1.368401759968789135e+20
1.594731318682896302e+20
4.298652933832708608e+18
1.828414321317103862e+20
1.608845025349563187e+20
1.418370654126092452e+20
9.096997503121098240e+17
7.998782771535580160e+17
7.671922596754058240e+17
9.185986267166041600e+17
3.713667964918851174e+19
3.897340024157302784e+19
1.411712234706616576e+18
1.746431335830212352e+18
2.256987515605493248e+18
2.473630461922596864e+18
5.303143247191011328e+19
4.822338075280899277e+19
3.230480649188514816e+18
3.340043695380773376e+18
5.202424472159799706e+19
3.026986891385767424e+18
4.930639499375780659e+19
5.433347670599251558e+19
1.964737827715355904e+18
6.373111855181025280e+19
1.458264669163545344e+18
5.168980330711610982e+19
1.421367041198501888e+18
1.529132334581772800e+18
8.212057073845193933e+19
2.695667915106117120e+18
1.363214467627965153e+20
1.527296912446941102e+20
4.298652933832708608e+18
1.576017238027465523e+20
1.222658770280898724e+20
1.238052082602996204e+20
9.096997503121098240e+17
7.998782771535580160e+17
7.671922596754058240e+17
9.185986267166041600e+17
3.086333382209737933e+19
3.496958448689138893e+19
1.411712234706616576e+18
1.746431335830212352e+18
2.237672284644194816e+18
2.473630461922596864e+18
3.979679528838951731e+19
4.338863279026216960e+19
3.230480649188514816e+18
3.319219725343320064e+18
4.820958177902621491e+19
3.026986891385767424e+18
4.510065216229713510e+19
1.658720973782771712e+19
1.964737827715355904e+18
4.812624971098626458e+19
1.392784019975031296e+18
4.762582082709113242e+19
5.022699443383270605e+19
1.488851435705368064e+18
5.681073777840200090e+19
2.695667915106117120e+18
1.188844797215979930e+20
1.527296912446941102e+20
1.304362939781523046e+20
1.369718777197253427e+20
1.222658770280898724e+20
1.025705086017478328e+20
9.096997503121098240e+17
7.998782771535580160e+17
7.671922596754058240e+17
9.185986267166041600e+17
3.218050791697877402e+19
3.496958448689138893e+19
1.411712234706616576e+18
1.746431335830212352e+18
2.237672284644194816e+18
2.473630461922596864e+18
4.731439078401998029e+19
4.338863279026216960e+19
3.230480649188514816e+18
3.319219725343320064e+18
4.820958177902621491e+19
3.026986891385767424e+18
4.510065216229713510e+19
1.658720973782771712e+19
1.964737827715355904e+18
4.812624971098626458e+19
1.392784019975031296e+18
4.762582082709113242e+19
5.022699443383270605e+19
1.488851435705368064e+18
5.681073777840200090e+19
2.507141073657927680e+18
9.899683153308363981e+19
1.304362939781523046e+20
1.304362939781523046e+20
1.202190711872658964e+20
1.004219482796504515e+20
1.025705086017478328e+20
9.096997503121098240e+17
5.035487515605491712e+18
7.671922596754058240e+17
9.185986267166041600e+17
3.051575986891386061e+19
3.011367633458177638e+19
1.411712234706616576e+18
1.746431335830212352e+18
2.237672284644194816e+18
2.473630461922596864e+18
4.595500596379525939e+19
3.995922513732833280e+19
3.230480649188514816e+18
3.319219725343320064e+18
3.926627967540574618e+19
3.089275905118601728e+18
4.212153558052434739e+19
1.658720973782771712e+19
4.261156776342071706e+19
4.585014249812734771e+19
3.275738453807740518e+19
7.435446317103620096e+18
4.056863437515605606e+19
1.488851435705368064e+18
4.311413036828964454e+19
2.507141073657927680e+18
8.788883656179775898e+19
1.215786019138576876e+20
1.215786019138576876e+20
1.040411389019975025e+20
8.989697005617977754e+19
9.449372687702871245e+19
9.096997503121098240e+17
5.035487515605491712e+18
7.671922596754058240e+17
9.185986267166041600e+17
2.494041329588014694e+19
2.690359627715355443e+19
1.411712234706616576e+18
1.957200374531835136e+18
2.237672284644194816e+18
1.119672908863920128e+19
3.923460835393258291e+19
3.847206989076154778e+19
3.375387016229712896e+18
3.319219725343320064e+18
3.687531838701623296e+19
3.089275905118601728e+18
3.641251824219725005e+19
1.658720973782771712e+19
3.383390431335830323e+19
1.974488139825218560e+18
3.478709268164793958e+19
7.435446317103620096e+18
4.738242120599251354e+19
1.488851435705368064e+18
4.934353492197253939e+19
5.632910504431960064e+19
3.004800249687890432e+18
1.038083366741573140e+20
1.038083366741573140e+20
1.040411389019975025e+20
6.769910360923844608e+19
9.712916964419475866e+19
9.096997503121098240e+17
5.035487515605491712e+18
2.197980424843944755e+19
9.185986267166041600e+17
2.456394971285893120e+19
2.584596474469413274e+19
1.411712234706616576e+18
1.957200374531835136e+18
2.237672284644194816e+18
1.119672908863920128e+19
3.276735857927590707e+19
3.454433398189762970e+19
3.375387016229712896e+18
2.838686569101123994e+19
3.003106741573033472e+18
3.089275905118601728e+18
2.639814405555555942e+19
2.923489388264669184e+18
3.328248473033708339e+19
1.974488139825218560e+18
3.889478527091136102e+19
1.476877028714107392e+18
3.178099755305868083e+19
1.415686641697877760e+18
3.598285041136080486e+19
5.479563297378276966e+19
3.004800249687890432e+18
7.732767897503119770e+19
1.038083366741573140e+20
8.336447526841448858e+19
8.336447526841448858e+19
5.859732497440700006e+19
9.096997503121098240e+17
5.035487515605491712e+18
2.197980424843944755e+19
9.185986267166041600e+17
2.456394971285893120e+19
2.584596474469413274e+19
1.411712234706616576e+18
1.957200374531835136e+18
2.237672284644194816e+18
1.119672908863920128e+19
3.276735857927590707e+19
2.969094881398252032e+18
3.375387016229712896e+18
2.838686569101123994e+19
3.003106741573033472e+18
3.089275905118601728e+18
3.851219371473158963e+19
2.923489388264669184e+18
3.328248473033708339e+19
1.974488139825218560e+18
3.889478527091136102e+19
1.476877028714107392e+18
3.178099755305868083e+19
1.415686641697877760e+18
3.598285041136080486e+19
5.479563297378276966e+19
2.695667915106117120e+18
7.732767897503119770e+19
8.065785740948814234e+19
6.540130323345817600e+19
8.336447526841448858e+19
5.859732497440700006e+19
9.096997503121098240e+17
5.035487515605491712e+18
1.719732821660424602e+19
1.728510230586766336e+19
1.880271895755305779e+19
1.990374344569288294e+19
1.379385143570536960e+18
1.957200374531835136e+18
2.237672284644194816e+18
1.119672908863920128e+19
2.946264846441947955e+19
2.969094881398252032e+18
3.375387016229712896e+18
2.310168375156055245e+19
3.003106741573033472e+18
3.089275905118601728e+18
2.880005475031210803e+19
2.923489388264669184e+18
3.056985453995006362e+19
1.868544319600499456e+18
3.217892552496878797e+19
1.476877028714107392e+18
3.395829616104869069e+19
1.415686641697877760e+18
3.247139970037452800e+19
4.210809685393259725e+19
2.695667915106117120e+18
6.658108134207240602e+19
7.008798664294631834e+19
5.549432424469413069e+19
6.540130323345817600e+19
5.468034961672909619e+19
9.096997503121098240e+17
5.035487515605491712e+18
1.348578030399500698e+19
1.677941379900124979e+19
1.692256411610486989e+19
1.524920289700374323e+19
1.379385143570536960e+18
1.957200374531835136e+18
2.237672284644194816e+18
2.119215352559301018e+19
2.727294285705368371e+19
2.969094881398252032e+18
3.375387016229712896e+18
1.822704650436953907e+19
3.003106741573033472e+18
3.128638576779025920e+18
2.289662192259675341e+19
2.923489388264669184e+18
2.235570084956304589e+19
1.868544319600499456e+18
2.772621791323345715e+19
1.476877028714107392e+18
2.620077329775281357e+19
1.462041198501872896e+18
2.734476690511859712e+19
3.523283023096129536e+19
2.695667915106117120e+18
5.342754703433208627e+19
5.355489150749063578e+19
4.549146419225967821e+19
5.549432424469413069e+19
3.906487845817728205e+19
9.096997503121098240e+17
5.035487515605491712e+18
1.259732846129837670e+19
1.306129513108614349e+19
1.151738875780274586e+19
1.390739629837702758e+19
1.379385143570536960e+18
1.957200374531835136e+18
2.593188514357053952e+18
1.751368927777777664e+19
2.016084591760299622e+19
2.969094881398252032e+18
3.375387016229712896e+18
1.714758986516854374e+19
3.182097378277153280e+18
3.128638576779025920e+18
1.932422434019975168e+19
2.923489388264669184e+18
1.806743123345818010e+19
1.868544319600499456e+18
2.311528980024968806e+19
1.466660424469413376e+18
2.003719887016230093e+19
1.462041198501872896e+18
2.115045834019975168e+19
2.980124202247191347e+19
2.980124202247191347e+19
4.958517058364544614e+19
5.355489150749063578e+19
3.274038661048689050e+19
4.549146419225967821e+19
4.643879447815229440e+19
9.096997503121098240e+17
5.035487515605491712e+18
1.259732846129837670e+19
1.306129513108614349e+19
1.151738875780274586e+19
1.390739629837702758e+19
1.379385143570536960e+18
1.957200374531835136e+18
2.593188514357053952e+18
1.751368927777777664e+19
2.016084591760299622e+19
2.969094881398252032e+18
1.145419475655430758e+19
1.714758986516854374e+19
3.182097378277153280e+18
3.128638576779025920e+18
1.932422434019975168e+19
2.841697877652933632e+18
1.806743123345818010e+19
1.868544319600499456e+18
2.311528980024968806e+19
1.466660424469413376e+18
2.003719887016230093e+19
1.462041198501872896e+18
1.522430736891385446e+19
2.980124202247191347e+19
2.980124202247191347e+19
3.600559536828964045e+19
4.091151092946317312e+19
3.274038661048689050e+19
4.549146419225967821e+19
4.643879447815229440e+19
9.096997503121098240e+17
5.035487515605491712e+18
9.947974113607991296e+18
1.026398484394507059e+19
9.610829039325843456e+18
1.247293156117353472e+19
1.379385143570536960e+18
1.957200374531835136e+18
2.593188514357053952e+18
1.544835280274657075e+19
1.550576997752809267e+19
2.849832709113608192e+18
1.145419475655430758e+19
1.271368223907615539e+19
3.182097378277153280e+18
3.128638576779025920e+18
1.624100477528089805e+19
2.841697877652933632e+18
1.451219215917602816e+19
1.868544319600499456e+18
1.460484976279650099e+19
1.466660424469413376e+18
1.857974206928838656e+19
1.548294382646691430e+19
1.522430736891385446e+19
2.850863223220973978e+19
2.850863223220973978e+19
3.600559536828964045e+19
3.055917247191011328e+19
3.274038661048689050e+19
3.274038661048689050e+19
3.096859173533084058e+19
