-1.304127552140504927e+35
-1.008652469813391850e+34
-6.331776070252470074e+34
-3.189477058177826401e+34
-2.736898353457738428e+34
-1.933082327113062771e+33
-3.197178704720088001e+34
-3.656258616904500842e+34
-6.052250274423709805e+32
-6.282590559824368965e+32
-8.331042810098791555e+32
-3.374414928649835420e+33
-2.286663007683864399e+34
-1.465668496158068199e+34
-1.005253128430296369e+34
-5.334968166849615756e+33
-1.283281668496158168e+35
-7.681793633369923400e+33
-6.331776070252470074e+34
-3.189477058177826401e+34
-2.043040614709110876e+33
-3.748418660812293705e+34
-1.383236004390779146e+34
-3.656258616904500842e+34
-6.052250274423709805e+32
-3.875889791437979909e+34
-8.331042810098791555e+32
-3.351348408342480694e+34
-2.286663007683864399e+34
-1.465668496158068199e+34
-1.079764873765093201e+34
-8.401745334796926958e+33
-1.283281668496158168e+35
-7.681793633369923400e+33
-1.299378704720087830e+34
-4.775213611416026215e+34
-2.043040614709110876e+33
-3.748418660812293705e+34
-1.893297475301866192e+34
-1.035996267837541252e+34
-4.206645664105378566e+34
-1.015313282107573937e+34
-3.619077936333699523e+32
-2.277624588364434651e+33
-2.611363336992315600e+33
-1.368152140504939488e+34
-1.282003073545554171e+34
-1.140342700329308428e+34
-1.088755214050494003e+35
-6.038239297475301080e+33
-1.180103183315038518e+34
-8.327506037321623854e+33
-2.043040614709110876e+33
-9.698103183315037579e+33
-8.130673984632272282e+33
-6.623506037321623444e+33
-4.613139407244785628e+33
-3.790403951701426955e+33
-2.867477497255762702e+33
-2.636645444566410519e+32
-2.124933040614709114e+33
-2.645839736553238247e+33
-1.893877058177826557e+33
-1.725001097694840781e+33
-1.754814489571898632e+33
-3.075824368825466512e+33
-6.324579582875961135e+33
-8.403161361141602333e+33
-2.043040614709110876e+33
-8.400504939626783559e+33
-8.464904500548846974e+33
-2.963099890230515850e+33
-2.647185510428100602e+33
-4.249769484083424315e+32
-7.223444566410537334e+32
-2.636645444566410519e+32
-1.640452250274423481e+33
-2.370564215148188421e+33
-2.245736553238199594e+33
-3.127154774972556955e+33
-3.223040614709111181e+34
-1.800322722283205393e+33
-2.013931942919868246e+33
-6.774908891328210642e+33
-6.385161361141601594e+33
-6.415637760702525525e+33
-4.910755214050494398e+33
-2.157593852908891152e+33
-1.399091108671789248e+33
-4.249769484083424315e+32
-1.600338090010976764e+33
-4.345861690450055142e+32
-2.766072447859495047e+32
-6.132074643249177501e+32
-5.987508232711306181e+32
-5.669023051591656742e+32
-1.597453347969264460e+34
-4.313763556531283785e+34
-2.013931942919868246e+33
-1.798634467618002398e+33
-2.262197585071350262e+33
-1.933082327113062771e+33
-3.241286498353457374e+33
-8.656158068057079466e+32
-1.173541163556531202e+33
-4.165598243688254310e+32
-8.807288693743139910e+32
-4.345861690450055142e+32
-2.766072447859495047e+32
-9.452711306256860065e+32
-6.673433589462129858e+31
-5.977409440175630328e+32
-1.919167947310647672e+33
-1.611743139407244643e+33
-1.520968166849615616e+33
0.000000000000000000e+00
-1.527361141602634565e+33
-1.933082327113062771e+33
-1.734704720087815219e+33
-8.656158068057079466e+32
-7.476267837541162597e+32
-4.165598243688254310e+32
-8.807288693743139910e+32
-6.047091108671790473e+32
-2.024423710208561732e+32
-3.422125137211855272e+32
-7.045071350164653555e+31
-3.849440175631174171e+31
