4.427618601747815072e+21
1.338229712858926285e+21
1.211576779026217304e+21
7.307696629213483500e+20
3.176186017478152684e+20
2.236229712858926612e+20
2.532883895131086520e+20
1.842665418227215892e+20
1.294099250936329339e+20
5.981158551810237235e+19
4.840561797752809062e+19
2.228764044943820390e+19
1.384458177278401946e+19
7.840418227215979520e+18
4.874088639200999424e+18
6.308657927590512640e+18
2.118116104868913742e+21
1.682468789013732655e+21
8.071385767790262354e+20
9.414257178526842880e+20
9.427272159800248238e+20
8.035624219725342966e+20
8.200074906367041208e+20
1.804264669163545559e+20
3.283576779026217042e+20
7.087421972534330982e+19
3.802166042446941389e+19
2.180362047440699392e+19
1.368521223470661427e+19
7.695686641697878016e+18
5.236772784019975168e+18
1.054843945068664259e+20
3.495222846441947398e+21
1.674793383270911574e+21
8.553988764044943688e+20
1.173457553058676474e+21
6.166423220973782958e+20
5.593483146067414876e+20
2.526891385767789855e+20
1.804264669163545559e+20
5.662078651685393531e+20
4.096454431960049910e+20
3.802166042446941389e+19
3.285168433801497805e+20
1.368521223470661427e+19
1.953489326793383608e+20
1.554850187265917911e+20
2.264637889563046707e+20
2.623868913857677754e+21
1.549289637952559514e+21
1.080759051186017403e+21
1.246833333333333377e+21
9.268033707865170248e+20
8.217740324594257756e+20
2.526891385767789855e+20
6.040043695380774257e+20
8.010898876404494500e+20
5.838083366610486559e+20
3.983720349563046298e+19
4.836210986267165327e+20
1.332211235955056230e+19
2.900006149481897656e+20
2.558302122347066163e+20
2.302734082397003776e+20
4.787008114856428569e+21
1.543865792759051583e+21
1.144832084893882778e+21
1.152732209737828008e+21
9.608077403245941883e+20
9.103202247191011000e+20
7.088146067415730749e+20
7.115605493133583319e+20
1.095371410736579215e+20
6.176285892634207846e+19
3.983720349563046298e+19
5.190823970037453947e+20
1.332211235955056230e+19
3.035736416697877791e+20
2.835374531835206369e+20
2.743401997503121326e+20
3.900593008739075752e+21
1.571672284644194648e+21
1.129855805243445740e+21
1.190063046192259662e+21
1.049660424469413102e+21
9.709063670411984896e+20
8.780914962109864346e+20
6.630599250936329667e+20
1.095371410736579215e+20
5.429656679151060582e+19
6.660780274656679035e+20
5.693838951310861271e+20
6.305237203495630930e+20
4.245455680399500902e+20
3.117684144818976850e+20
2.097503121098626826e+20
3.157861423220973371e+21
1.414782147315855262e+21
1.212275280898876506e+21
1.136691011235954950e+21
1.178647940074906452e+21
1.105576154806491939e+21
7.365917602996255457e+20
7.886810237203494994e+20
1.095371410736579215e+20
5.429656679151060582e+19
8.083114856429463798e+20
7.261866416978776556e+20
6.281591760299625021e+20
3.721498015867665121e+20
2.476903870162297160e+20
1.732421972534331965e+20
2.281868913857678017e+21
1.514517478152309572e+21
1.336323345817727926e+21
1.097412609238451880e+21
9.618289637952558203e+20
8.140699126092385485e+20
9.518789013732834673e+20
1.622627340823970447e+20
8.157602996254683955e+20
8.148551810237203743e+20
7.689912609238451487e+20
6.724051064144818340e+20
5.829862671660423578e+20
3.288021223470661632e+20
2.545786453345818378e+20
1.680012484394506977e+20
2.226755305867665211e+21
1.680919475655430636e+21
1.365418227215980036e+21
9.268220973782771958e+20
1.226866416978776556e+21
9.235780274656680346e+20
8.283539325842696438e+20
1.622627340823970447e+20
7.968302122347066819e+20
7.345649188514357576e+20
8.513545568039950090e+20
5.480886392009988506e+20
5.516160878177279017e+20
3.046273351930087342e+20
2.164706616729088819e+20
2.258664169787765228e+20
2.398980649188514071e+21
1.506391385767790248e+21
1.344367625532459450e+21
9.642709113607988183e+20
1.053779650436953932e+21
8.045736579275906089e+20
7.581117353308363162e+20
8.975667915106117222e+20
7.470093632958802166e+20
6.898445692883895583e+20
8.782028714107364966e+20
5.186935081148564111e+20
4.559669100749063455e+20
2.633358204169787802e+20
2.068514320312109957e+20
1.595661672908863898e+20
2.553239700374532129e+21
1.413212858926342078e+21
1.418378277153557971e+21
1.245269038701623116e+21
1.173569912609238548e+21
1.080637328339575505e+21
8.242790262172284355e+20
8.975667915106117222e+20
8.570549313358301757e+20
6.898445692883895583e+20
7.712609130936329830e+20
5.916779026217229353e+20
4.042265917602996552e+20
3.085543071161048105e+20
2.190961298377028731e+20
1.319563046192259727e+20
2.674824594257178264e+21
1.508214107365793071e+21
1.320296504369538138e+21
1.163992509363296010e+21
1.148064294631710523e+21
1.078602996254681596e+21
9.189850187265917583e+20
8.449425717852684943e+20
8.132397003745318666e+20
6.585181023720349368e+20
7.261766541822722048e+20
5.297203495630461993e+20
4.042265917602996552e+20
2.679132242272159990e+20
2.190961298377028731e+20
1.319563046192259727e+20
3.092091136079900443e+21
1.508214107365793071e+21
1.358945692883895190e+21
1.266159176029962764e+21
9.165830212234706944e+20
9.941791510611735347e+20
9.418170813039951217e+20
8.645468164794006897e+20
8.132397003745318666e+20
8.120224601229713736e+20
5.610074906367041536e+19
5.297203495630461993e+20
4.376722797366417818e+20
2.966735330836454441e+20
1.800955008504369644e+20
1.415137305476904059e+20
3.301095505617977606e+21
1.044566167290886226e+21
1.358945692883895190e+21
1.241755305867665474e+21
1.283913233458177245e+21
9.741785268414481695e+20
8.739157303370785751e+20
8.583670411985019208e+20
7.553401997503122637e+19
7.376922596754058117e+20
5.610074906367041536e+19
5.297203495630461993e+20
4.137421885312109773e+20
2.551416978776528978e+20
1.800955008504369644e+20
1.291354542718477107e+20
3.301095505617977606e+21
9.668757802746567721e+20
1.336811485642946249e+21
1.088730961298376884e+21
1.086326466916354359e+21
9.741785268414481695e+20
8.780511860174781153e+20
8.583670411985019208e+20
7.553401997503122637e+19
6.448604266853933056e+19
5.610074906367041536e+19
6.557197145131085988e+20
4.137421885312109773e+20
2.551416978776528978e+20
1.772328326976903905e+20
1.291354542718477107e+20
3.259667290886392250e+21
8.580131086142322770e+20
1.440438826466916172e+21
1.038707865168539288e+21
9.782771535580524708e+20
1.657219101123595469e+20
8.780511860174781153e+20
8.285955056179775078e+19
7.810593008739074703e+20
6.862240948813982106e+19
7.485780274656679035e+20
6.557197145131085988e+20
3.827565543071160730e+20
2.551416978776528978e+20
1.772328326976903905e+20
1.291354542718477107e+20
