-2.013245768263472656e+32
-2.013245768263472656e+32
-2.365246682634729945e+32
-2.365246682634729945e+32
-2.572519712574850075e+32
-2.770243461077844285e+32
-1.949028323353293207e+26
-2.288975706586826348e+32
-2.288975706586826348e+32
-1.485963790419161554e+30
-1.208854946107784116e+30
-9.620797311377246261e+29
-1.003836110179640528e+32
-6.446923952095807307e+29
-6.498470874251497457e+29
-4.626904790419161050e+31
-4.853798664670658033e+29
-4.319522748502993217e+29
-7.116608538922155790e+29
-3.779082179640717786e+29
-2.533529455089820235e+29
-1.529711376047904028e+31
-4.728490257485029632e+29
-3.639642586826346896e+29
-1.211647319161676613e+31
-5.667435269461077381e+29
-1.045214465269460887e+31
-1.352142676646706549e+30
-7.066782395209579320e+29
-1.682725317365269203e+30
-1.142826784431137627e+30
-2.728841988023951716e+30
-2.848010982035928245e+30
-4.646741796407184850e+30
-5.621244550898202867e+30
-5.171107125748501689e+30
-1.000492802395209565e+31
-5.956866347305389284e+30
-8.687855868263473188e+30
-6.044433832335328741e+30
-4.351413173652694145e+30
-1.692169161676646719e+31
-6.362720658682634261e+30
-7.672671736526944276e+30
-7.299895808383232909e+30
-2.074411622754490819e+31
-2.825953113772454901e+31
-2.195575934131736530e+31
-2.013245768263472656e+32
-2.147869007185628356e+32
-2.558301676646706054e+32
-2.558301676646706054e+32
-2.770243461077844285e+32
-2.226541976047903902e+26
-1.802033353293413359e+26
-2.353949898203592673e+32
-1.315676711976047885e+32
-1.411064652694610543e+30
-1.208854946107784116e+30
-1.045145666467065946e+32
-5.579842592814370339e+31
-6.745630544910177667e+29
-4.890275071856287446e+29
-4.760173173652693593e+31
-4.183077155688622693e+29
-9.996261838323352245e+29
-2.647131275449101630e+31
-3.779082179640717786e+29
-1.526244724550898020e+29
-1.335464094011975865e+31
-4.684512982035927525e+29
-3.639642586826346896e+29
-4.505690179640718664e+29
-5.667435269461077381e+29
-1.473987113772455025e+31
-1.352142676646706549e+30
-1.475501234131736493e+31
-1.555289233532933617e+30
-1.142826784431137627e+30
-2.807856425149700545e+30
-2.848010982035928245e+30
-4.646741796407184850e+30
-7.767112634730538822e+30
-5.453555688622754137e+30
-6.649712754491017770e+30
-5.956866347305389284e+30
-9.158365149700598019e+30
-6.044433832335328741e+30
-4.351413173652694145e+30
-6.249227544910179937e+30
-5.796862275449101463e+30
-7.672671736526944276e+30
-7.299895808383232909e+30
-2.074411622754490819e+31
-2.986954071856286891e+31
-2.195575934131736530e+31
-2.147869007185628356e+32
-2.130814277245508753e+32
-2.558301676646706054e+32
-2.770243461077844285e+32
-2.934428167664670444e+32
-1.949028323353293207e+26
-2.353949898203592673e+32
-2.353949898203592673e+32
-1.315676711976047885e+32
-1.411064652694610543e+30
-1.035917892215568734e+30
-1.045145666467065946e+32
-5.579842592814370339e+31
-6.498470874251497457e+29
-4.258105341317365434e+29
-3.226983741916167474e+31
-4.183077155688622693e+29
-9.996261838323352245e+29
-2.647131275449101630e+31
-3.041995413173652350e+29
-1.526244724550898020e+29
-1.335464094011975865e+31
-4.684512982035927525e+29
-2.565436413173652469e+29
-4.974432574850298589e+29
-5.667435269461077381e+29
-1.473987113772455025e+31
-1.287055658682634697e+30
-1.475501234131736493e+31
-1.555289233532933617e+30
-4.703997724550897921e+30
-2.807856425149700545e+30
-5.884780598802396274e+30
-4.646741796407184850e+30
-7.767112634730538822e+30
-5.453555688622754137e+30
-6.649712754491017770e+30
-5.956866347305389284e+30
-9.158365149700598019e+30
-6.044433832335328741e+30
-4.351413173652694145e+30
-6.249227544910179937e+30
-5.796862275449101463e+30
-7.672671736526944276e+30
-7.299895808383232909e+30
-2.074411622754490819e+31
-2.986954071856286891e+31
-2.195575934131736530e+31
-2.130814277245508753e+32
-1.958894320958083466e+32
-2.591002505389221182e+32
-2.934428167664670444e+32
-2.898462335329341282e+32
-1.802033353293413359e+26
-2.637086323353292876e+32
-2.637086323353292876e+32
-1.468906221556886095e+32
-1.208854946107784116e+30
-1.035917892215568734e+30
-1.242873891017964025e+32
-6.045161239520957650e+31
-6.498470874251497457e+29
-4.258105341317365434e+29
-4.043827203592813416e+31
-3.331254754491018252e+29
-7.116608538922155790e+29
-2.727302323353292856e+31
-3.041995413173652350e+29
-1.617928682634730067e+29
-4.830248083832334917e+29
-5.129515544910179514e+29
-2.565436413173652469e+29
-4.974432574850298589e+29
-6.198138502994011714e+29
-1.066262934131736419e+30
-1.287055658682634697e+30
-4.486477604790418607e+30
-1.555289233532933617e+30
-4.484240479041915443e+30
-2.807856425149700545e+30
-6.042602035928142548e+30
-5.088704191616766581e+30
-8.978817964071856138e+30
-5.453555688622754137e+30
-6.649712754491017770e+30
-5.956866347305389284e+30
-9.158365149700598019e+30
-6.044433832335328741e+30
-4.351413173652694145e+30
-6.249227544910179937e+30
-5.796862275449101463e+30
-7.672671736526944276e+30
-6.770888023952094527e+30
-2.074411622754490819e+31
-3.027400958083831804e+31
-2.195575934131736530e+31
-1.958894320958083466e+32
-2.489059435928143222e+32
-2.489059435928143222e+32
-2.898462335329341282e+32
-2.996850544910178769e+32
-1.802033353293413359e+26
-2.646024077844311344e+32
-1.569851980239520746e+32
-1.569851980239520746e+32
-1.208854946107784116e+30
-9.620797311377246261e+29
-7.118848359281436040e+31
-6.446923952095807307e+29
-6.498470874251497457e+29
-4.258105341317365434e+29
-3.834545443113771920e+31
-3.331254754491018252e+29
-7.116608538922155790e+29
-2.726863335329341045e+31
-3.041995413173652350e+29
-1.617928682634730067e+29
-4.830248083832334917e+29
-5.129515544910179514e+29
-1.786889401197604862e+30
-4.974432574850298589e+29
-6.198138502994011714e+29
-1.066262934131736419e+30
-1.287055658682634697e+30
-4.694673892215568852e+30
-1.572107628742514832e+30
-4.735136467065867743e+30
-2.468572461077843845e+30
-5.887924790419160464e+30
-5.088704191616766581e+30
-8.935643113772453403e+30
-5.453555688622754137e+30
-6.649712754491017770e+30
-5.956866347305389284e+30
-9.158365149700598019e+30
-1.461891197604790131e+31
-4.351413173652694145e+30
-6.249227544910179937e+30
-5.796862275449101463e+30
-7.672671736526944276e+30
-6.770888023952094527e+30
-2.074411622754490819e+31
-3.002754491017963604e+31
-2.195575934131736530e+31
-1.890043220958083751e+32
-2.351988940718562805e+32
-2.489059435928143222e+32
-2.996850544910178769e+32
-2.610400192814371004e+32
-2.657676335329341050e+32
-2.657676335329341050e+32
-1.700106094610778632e+32
-1.700106094610778632e+32
-1.035917892215568734e+30
-1.273584489221556737e+32
-8.917710083832333868e+31
-6.446923952095807307e+29
-4.890275071856287446e+29
-5.707002970059880299e+31
-4.227640119760478980e+31
-3.331254754491018252e+29
-7.116608538922155790e+29
-1.457810119760479230e+30
-2.533529455089820235e+29
-1.617928682634730067e+29
-4.728490257485029632e+29
-5.129515544910179514e+29
-2.135030658682634760e+30
-4.974432574850298589e+29
-6.198138502994011714e+29
-1.066262934131736419e+30
-1.287055658682634697e+30
-4.913402874251496164e+30
-1.572107628742514832e+30
-7.130508083832334561e+30
-2.468572461077843845e+30
-6.944895868263472372e+30
-5.088704191616766581e+30
-8.808810538922153742e+30
-5.326369580838322823e+30
-6.649712754491017770e+30
-5.956866347305389284e+30
-9.158365149700598019e+30
-1.458042754491017731e+31
-4.354252514970059688e+30
-6.249227544910179937e+30
-5.796862275449101463e+30
-7.354196826347304255e+30
-6.770888023952094527e+30
-2.074411622754490819e+31
-2.877483113772455066e+31
-2.195575934131736530e+31
-1.890043220958083751e+32
-2.351988940718562805e+32
-2.351988940718562805e+32
-2.848831999999999678e+32
-2.355270984431137270e+32
-2.657676335329341050e+32
-2.657676335329341050e+32
-1.737963044910179628e+32
-1.411064652694610543e+30
-1.035917892215568734e+30
-1.273584489221556737e+32
-8.917710083832333868e+31
-6.745630544910177667e+29
-4.890275071856287446e+29
-5.707002970059880299e+31
-4.183077155688622693e+29
-4.319522748502993217e+29
-3.961581598802394469e+29
-1.457810119760479230e+30
-2.533529455089820235e+29
-1.617928682634730067e+29
-4.728490257485029632e+29
-5.129515544910179514e+29
-2.135030658682634760e+30
-5.761593113772454521e+29
-4.986441856287424596e+29
-1.066262934131736419e+30
-1.157766922155688563e+30
-4.913402874251496164e+30
-1.572107628742514832e+30
-7.130508083832334561e+30
-2.468572461077843845e+30
-6.944895868263472372e+30
-5.088704191616766581e+30
-5.772924251497004756e+30
-5.326369580838322823e+30
-6.649712754491017770e+30
-5.868318982035927862e+30
-9.158365149700598019e+30
-1.458042754491017731e+31
-4.354252514970059688e+30
-6.249227544910179937e+30
-5.796862275449101463e+30
-7.354196826347304255e+30
-6.770888023952094527e+30
-2.074411622754490819e+31
-2.877483113772455066e+31
-2.195575934131736530e+31
-1.873643407185628650e+32
-2.318935089820359339e+32
-2.848831999999999678e+32
-2.610400192814371004e+32
-1.934418802395209770e+32
-2.600855508982035818e+32
-2.600855508982035818e+32
-1.720876335329341273e+32
-1.411064652694610543e+30
-1.035917892215568734e+30
-1.418250155688622468e+32
-7.132041664670657656e+31
-6.745630544910177667e+29
-4.890275071856287446e+29
-6.611116377245507707e+31
-4.183077155688622693e+29
-4.319522748502993217e+29
-3.124996407185628729e+31
-2.669108467664670215e+31
-2.533529455089820235e+29
-1.831269041916167521e+29
-4.728490257485029632e+29
-4.095931922155688334e+29
-2.424687245508981489e+30
-5.761593113772454521e+29
-4.986441856287424596e+29
-1.763041634730538939e+30
-1.157766922155688563e+30
-1.697501047904191629e+30
-1.572107628742514832e+30
-6.677857305389220004e+30
-2.468572461077843845e+30
-7.120613053892214793e+30
-5.088704191616766581e+30
-5.772924251497004756e+30
-5.326369580838322823e+30
-7.170056287425149288e+30
-5.868318982035927862e+30
-9.158365149700598019e+30
-1.443456167664670442e+31
-4.354252514970059688e+30
-6.249227544910179937e+30
-5.796862275449101463e+30
-7.354196826347304255e+30
-6.770888023952094527e+30
-2.074411622754490819e+31
-2.763174071856287369e+31
-2.195575934131736530e+31
-1.798441870059880421e+32
-2.085647417964071943e+32
-2.610400192814371004e+32
-2.355270984431137270e+32
-1.601700734131736499e+32
-2.299428395209580611e+32
-2.299428395209580611e+32
-1.720876335329341273e+32
-1.411064652694610543e+30
-1.035917892215568734e+30
-1.310528538922155620e+32
-6.951812371257484414e+31
-6.745630544910177667e+29
-4.258105341317365434e+29
-5.780938982035928473e+31
-4.183077155688622693e+29
-4.319522748502993217e+29
-3.024127443113772472e+31
-3.624308191616766260e+29
-1.526244724550898020e+29
-1.831269041916167521e+29
-4.728490257485029632e+29
-4.095931922155688334e+29
-2.363494491017963892e+30
-5.761593113772454521e+29
-4.986441856287424596e+29
-1.763041634730538939e+30
-1.157766922155688563e+30
-1.697501047904191629e+30
-1.572107628742514832e+30
-5.982256167664669986e+30
-2.468572461077843845e+30
-7.202969041916166650e+30
-5.088704191616766581e+30
-5.772924251497004756e+30
-5.326369580838322823e+30
-7.170056287425149288e+30
-5.868318982035927862e+30
-7.632596167664669225e+30
-1.351352455089820020e+31
-4.354252514970059688e+30
-6.249227544910179937e+30
-5.796862275449101463e+30
-7.354196826347304255e+30
-6.770888023952094527e+30
-2.074411622754490819e+31
-2.592520419161676387e+31
-2.195575934131736530e+31
-1.462516079041915913e+32
-1.793396197604790655e+32
-2.355270984431137270e+32
-1.934418802395209770e+32
-2.412608268862275154e+32
-2.299428395209580611e+32
-2.412608268862275154e+32
-1.540519197604790394e+32
-1.208854946107784116e+30
-9.620797311377246261e+29
-1.301074836526946100e+32
-6.523072311377244218e+31
-6.745630544910177667e+29
-4.258105341317365434e+29
-5.179313017964071327e+31
-3.331254754491018252e+29
-9.996261838323352245e+29
-2.684651413173652225e+31
-3.779082179640717786e+29
-1.526244724550898020e+29
-1.890844622754490693e+31
-4.684512982035927525e+29
-4.095931922155688334e+29
-2.266994491017963706e+30
-5.761593113772454521e+29
-2.340071976047903799e+30
-1.763041634730538939e+30
-1.157766922155688563e+30
-1.697501047904191629e+30
-1.365465850299400997e+30
-2.704497011976048025e+30
-2.468572461077843845e+30
-3.495691556886226974e+30
-4.904056167664669452e+30
-5.772924251497004756e+30
-5.326369580838322823e+30
-7.170056287425149288e+30
-5.868318982035927862e+30
-7.632596167664669225e+30
-1.276800179640718311e+31
-4.354252514970059688e+30
-6.249227544910179937e+30
-5.796862275449101463e+30
-7.354196826347304255e+30
-6.770888023952094527e+30
-2.074411622754490819e+31
-2.392461556886227492e+31
-2.195575934131736530e+31
-1.462516079041915913e+32
-1.793396197604790655e+32
-2.355270984431137270e+32
-1.601700734131736499e+32
-2.412608268862275154e+32
-2.412608268862275154e+32
-1.540519197604790394e+32
-1.342569706586826258e+32
-1.208854946107784116e+30
-1.301074836526946100e+32
-1.301074836526946100e+32
-6.054156173652693651e+31
-6.498470874251497457e+29
-4.258105341317365434e+29
-3.738371263473053549e+31
-3.331254754491018252e+29
-9.996261838323352245e+29
-2.684651413173652225e+31
-3.779082179640717786e+29
-1.526244724550898020e+29
-1.890844622754490693e+31
-4.684512982035927525e+29
-4.095931922155688334e+29
-2.266994491017963706e+30
-5.774941826347304986e+29
-2.340071976047903799e+30
-1.763041634730538939e+30
-1.157766922155688563e+30
-1.697501047904191629e+30
-1.365465850299400997e+30
-2.704497011976048025e+30
-2.464279143712574536e+30
-3.495691556886226974e+30
-4.904056167664669452e+30
-5.772924251497004756e+30
-5.326369580838322823e+30
-7.170056287425149288e+30
-5.868318982035927862e+30
-7.632596167664669225e+30
-1.595755149700598788e+31
-4.354252514970059688e+30
-6.249227544910179937e+30
-5.796862275449101463e+30
-7.354196826347304255e+30
-6.770888023952094527e+30
-2.074411622754490819e+31
-2.392461556886227492e+31
-2.195575934131736530e+31
-1.181433601796407221e+32
-1.423650058682634792e+32
-1.934418802395209770e+32
-1.449268042514970041e+32
-1.894622236526945704e+32
-1.894622236526945704e+32
-1.342569706586826258e+32
-1.206034361676646449e+32
-1.208854946107784116e+30
-1.217832165868263291e+32
-1.217832165868263291e+32
-6.446923952095807307e+29
-6.498470874251497457e+29
-4.857922682634729670e+31
-3.739796473053891805e+31
-3.331254754491018252e+29
-9.996261838323352245e+29
-2.808030658682634443e+31
-3.779082179640717786e+29
-1.526244724550898020e+29
-1.980020438323353059e+31
-4.684512982035927525e+29
-4.095931922155688334e+29
-4.505690179640718664e+29
-5.774941826347304986e+29
-2.301993413173652361e+30
-1.999389383233532826e+30
-7.066782395209579320e+29
-1.614652173652694349e+30
-1.365465850299400997e+30
-2.704497011976048025e+30
-2.464279143712574536e+30
-3.495691556886226974e+30
-4.904056167664669452e+30
-5.772924251497004756e+30
-5.326369580838322823e+30
-7.170056287425149288e+30
-5.868318982035927862e+30
-7.632596167664669225e+30
-1.465781856287424765e+31
-4.354252514970059688e+30
-6.249227544910179937e+30
-5.796862275449101463e+30
-7.354196826347304255e+30
-6.770888023952094527e+30
-2.074411622754490819e+31
-2.134420179640718534e+31
-2.195575934131736530e+31
-1.182947090419161663e+32
-1.517470116167664194e+32
-1.601700734131736499e+32
-1.171006219760479047e+32
-1.664685394610777805e+32
-1.664685394610777805e+32
-1.206034361676646449e+32
-1.103529884431137572e+32
-1.208854946107784116e+30
-1.205864240119760373e+32
-5.397834023952096273e+31
-6.745630544910177667e+29
-6.498470874251497457e+29
-4.496864598802394936e+31
-4.455653459281436320e+31
-3.331254754491018252e+29
-9.996261838323352245e+29
-1.993233861676646615e+31
-3.779082179640717786e+29
-1.526244724550898020e+29
-2.035039644910179917e+31
-4.684512982035927525e+29
-3.639642586826346896e+29
-4.505690179640718664e+29
-5.774941826347304986e+29
-1.721530359281436681e+30
-1.999389383233532826e+30
-7.066782395209579320e+29
-1.614652173652694349e+30
-1.365465850299400997e+30
-2.704497011976048025e+30
-2.464279143712574536e+30
-3.495691556886226974e+30
-4.904056167664669452e+30
-5.772924251497004756e+30
-5.326369580838322823e+30
-7.170056287425149288e+30
-5.868318982035927862e+30
-7.632596167664669225e+30
-1.406383532934131337e+31
-4.354252514970059688e+30
-6.249227544910179937e+30
-5.796862275449101463e+30
-7.354196826347304255e+30
-6.770888023952094527e+30
-2.074411622754490819e+31
-1.937442934131736335e+31
-2.195575934131736530e+31
-1.027020933532934142e+32
-1.449268042514970041e+32
-1.449268042514970041e+32
-1.171006219760479047e+32
-1.582848807185628422e+32
-1.582848807185628422e+32
-1.103529884431137572e+32
-8.667128640718560565e+31
-1.035917892215568734e+30
-8.735868676646706401e+31
-5.303971832335327536e+31
-6.745630544910177667e+29
-4.890275071856287446e+29
-4.150332000000000725e+31
-3.438157767065868096e+31
-4.319522748502993217e+29
-7.116608538922155790e+29
-1.366712289820359214e+31
-3.041995413173652350e+29
-1.617928682634730067e+29
-1.594560083832335270e+30
-4.684512982035927525e+29
-3.639642586826346896e+29
-4.505690179640718664e+29
-5.774941826347304986e+29
-9.729012574850299094e+29
-1.999389383233532826e+30
-7.066782395209579320e+29
-1.614652173652694349e+30
-1.365465850299400997e+30
-2.704497011976048025e+30
-2.464279143712574536e+30
-3.495691556886226974e+30
-4.904056167664669452e+30
-5.612016646706586485e+30
-6.218664910179640139e+30
-7.170056287425149288e+30
-5.868318982035927862e+30
-7.632596167664669225e+30
-1.357538203592814216e+31
-4.354252514970059688e+30
-6.747622754491017476e+30
-5.796862275449101463e+30
-7.354196826347304255e+30
-6.770888023952094527e+30
-2.074411622754490819e+31
-1.800619101796407117e+31
-2.195575934131736530e+31
-1.027020933532934142e+32
-1.449268042514970041e+32
-1.171006219760479047e+32
-1.171006219760479047e+32
-1.582848807185628422e+32
-1.582848807185628422e+32
-8.667128640718560565e+31
-1.411064652694610543e+30
-1.035917892215568734e+30
-8.735868676646706401e+31
-5.303971832335327536e+31
-6.745630544910177667e+29
-4.890275071856287446e+29
-4.150332000000000725e+31
-3.438157767065868096e+31
-4.319522748502993217e+29
-7.116608538922155790e+29
-1.366712289820359214e+31
-3.041995413173652350e+29
-1.617928682634730067e+29
-1.594560083832335270e+30
-5.129515544910179514e+29
-3.639642586826346896e+29
-4.974432574850298589e+29
-5.774941826347304986e+29
-2.319344910179640501e+30
-1.999389383233532826e+30
-7.066782395209579320e+29
-1.614652173652694349e+30
-1.365465850299400997e+30
-2.821699922155688165e+30
-2.464279143712574536e+30
-3.495691556886226974e+30
-4.904056167664669452e+30
-5.612016646706586485e+30
-6.218664910179640139e+30
-7.170056287425149288e+30
-7.545357245508980336e+30
-7.632596167664669225e+30
-1.357538203592814216e+31
-4.354252514970059688e+30
-6.747622754491017476e+30
-5.796862275449101463e+30
-7.354196826347304255e+30
-6.770888023952094527e+30
-2.074411622754490819e+31
-1.800619101796407117e+31
-2.195575934131736530e+31
-8.041190935329339643e+31
-1.171006219760479047e+32
-1.171006219760479047e+32
-1.409092937724550859e+32
-1.409092937724550859e+32
-1.409092937724550859e+32
-8.667128640718560565e+31
-1.208854946107784116e+30
-7.545168281437125646e+31
-7.545168281437125646e+31
-4.914182425149701017e+31
-6.745630544910177667e+29
-4.890275071856287446e+29
-4.391403700598801719e+31
-3.006930980838322473e+31
-4.319522748502993217e+29
-7.116608538922155790e+29
-1.389783598802395169e+31
-3.041995413173652350e+29
-1.617928682634730067e+29
-1.883001197604790146e+30
-5.129515544910179514e+29
-3.639642586826346896e+29
-4.974432574850298589e+29
-5.667435269461077381e+29
-2.539319107784431114e+30
-1.999389383233532826e+30
-2.465488323353293123e+30
-1.614652173652694349e+30
-1.142826784431137627e+30
-2.821699922155688165e+30
-2.464279143712574536e+30
-3.842071437125748090e+30
-4.904056167664669452e+30
-5.612016646706586485e+30
-6.218664910179640139e+30
-7.170056287425149288e+30
-6.851613772455087445e+30
-7.632596167664669225e+30
-1.286685568862275370e+31
-4.354252514970059688e+30
-6.747622754491017476e+30
-5.963532934131735663e+30
-7.354196826347304255e+30
-6.770888023952094527e+30
-2.074411622754490819e+31
-1.647204311377245363e+31
-2.195575934131736530e+31
