6.116541822721597600e+16
5.503121098626716800e+16
5.588701622971286400e+16
7.434956304619225600e+16
4.973838142009987891e+19
2.067641011235955098e+19
1.213876404494382080e+17
1.491810237203495360e+17
1.890037453183520640e+17
2.112453183520599360e+17
2.583882646691635840e+17
6.347964373907614106e+19
2.770555555555555520e+17
3.137265917602996480e+17
6.137925167602996019e+19
1.527039950062421811e+19
2.928277153558052480e+17
5.377144652808989082e+19
1.361991260923845222e+19
1.766729088639200960e+17
1.713714107365792960e+17
5.795966252871409664e+19
1.910923845193507840e+17
6.563326007490636186e+19
3.407053682896380160e+17
4.634144818976279680e+17
1.807577820193508229e+20
5.554556803995006080e+17
2.416791292159800771e+20
1.734837557846441984e+20
1.509756382022471844e+20
1.803470494575530476e+20
6.116541822721597600e+16
5.503121098626716800e+16
5.588701622971286400e+16
7.434956304619225600e+16
4.876590136454432358e+19
5.266603448314607206e+19
1.213876404494382080e+17
1.499082397003745280e+17
1.890037453183520640e+17
2.112453183520599360e+17
2.583882646691635840e+17
7.036058483333333811e+19
1.721503745318352077e+19
3.137265917602996480e+17
6.236358369600499712e+19
3.055056179775280640e+17
2.858801498127340800e+17
7.458824279650436710e+19
2.043320848938826560e+17
6.330369657927590707e+19
1.705805243445693120e+17
6.671147275530586522e+19
1.867478152309613120e+17
9.207795055555556147e+19
3.323283395755306240e+17
4.018476903870161920e+17
1.671965976161048658e+20
5.220642946317103360e+17
1.855992348782771569e+20
1.653208384001248461e+20
1.734837557846441984e+20
1.509756382022471844e+20
6.116541822721597600e+16
5.503121098626716800e+16
5.588701622971286400e+16
7.434956304619225600e+16
4.876590136454432358e+19
5.266603448314607206e+19
1.150205992509363200e+17
1.499082397003745280e+17
1.890037453183520640e+17
2.193171036204744320e+17
6.669605336516852122e+19
5.933282026716605645e+19
1.721503745318352077e+19
3.145568039950062080e+17
5.657152937141072691e+19
3.055056179775280640e+17
2.858801498127340800e+17
7.458824279650436710e+19
2.043320848938826560e+17
5.865578528526842266e+19
1.744382022471910080e+17
6.114685697503122227e+19
1.867478152309613120e+17
9.207795055555556147e+19
1.005483592066167112e+20
4.018476903870161920e+17
1.671965976161048658e+20
1.750343005081148785e+20
5.860923845193507840e+17
2.061135754082397061e+20
1.653208384001248461e+20
1.509756382022471844e+20
6.116541822721597600e+16
5.503121098626716800e+16
5.588701622971286400e+16
7.434956304619225600e+16
4.308014981273408307e+19
4.688319251810236826e+19
1.150205992509363200e+17
1.499082397003745280e+17
1.890037453183520640e+17
2.193171036204744320e+17
4.671690227153557094e+19
6.257081461298376704e+19
3.332833957553058560e+17
3.145568039950062080e+17
5.425141701685392179e+19
3.473464419475655680e+17
2.858801498127340800e+17
5.292920799918851686e+19
2.043320848938826560e+17
5.121035204681648538e+19
1.744382022471910080e+17
6.183605355930086605e+19
1.826716604244694080e+17
2.183333333333333120e+17
9.283472977777778688e+19
3.565980024968789120e+17
1.234007253102372127e+20
1.521797485973782856e+20
5.554556803995006080e+17
1.855992348782771569e+20
1.803726423601747722e+20
1.344843812677902664e+20
6.116541822721597600e+16
5.503121098626716800e+16
5.588701622971286400e+16
7.434956304619225600e+16
4.024672958676653670e+19
3.708407439887640166e+19
1.150205992509363200e+17
1.499082397003745280e+17
1.890037453183520640e+17
2.193171036204744320e+17
6.039641374531835494e+19
4.957238200124844442e+19
3.332833957553058560e+17
3.145568039950062080e+17
5.450970040199749632e+19
3.473464419475655680e+17
4.823386066167291085e+19
5.445582377215980339e+19
2.111298377028713920e+17
7.531214227215979315e+19
1.744382022471910080e+17
4.860091441822721638e+19
1.826716604244694080e+17
2.183333333333333120e+17
8.431957198689137459e+19
3.565980024968789120e+17
1.504637688601747784e+20
1.583058460511860163e+20
5.554556803995006080e+17
1.521728848514357002e+20
1.255093227209737830e+20
1.292203143776529449e+20
6.116541822721597600e+16
5.503121098626716800e+16
5.588701622971286400e+16
7.434956304619225600e+16
3.037625517041198285e+19
3.088943467415730995e+19
1.150205992509363200e+17
1.499082397003745280e+17
2.011803995006242240e+17
2.193171036204744320e+17
3.307806869662921114e+19
4.417065526217228288e+19
3.332833957553058560e+17
3.345505617977528320e+17
5.267743446317103514e+19
3.473464419475655680e+17
4.514921645692883763e+19
2.890114856429462733e+19
2.111298377028713920e+17
4.379079403058677350e+19
1.709488139825218560e+17
4.627800559612983706e+19
5.021332402184768717e+19
1.982459425717852800e+17
6.085418347128588698e+19
3.565980024968789120e+17
1.246734934544319611e+20
1.583058460511860163e+20
1.291809881104868966e+20
1.328713783439450767e+20
1.255093227209737830e+20
9.182799923845193728e+19
6.116541822721597600e+16
5.503121098626716800e+16
5.588701622971286400e+16
7.434956304619225600e+16
3.270641303558052250e+19
3.088943467415730995e+19
1.150205992509363200e+17
1.499082397003745280e+17
2.011803995006242240e+17
2.193171036204744320e+17
4.658286768789014118e+19
4.417065526217228288e+19
3.332833957553058560e+17
3.345505617977528320e+17
5.267743446317103514e+19
3.473464419475655680e+17
4.514921645692883763e+19
2.890114856429462733e+19
2.111298377028713920e+17
4.379079403058677350e+19
1.709488139825218560e+17
4.627800559612983706e+19
5.021332402184768717e+19
1.982459425717852800e+17
6.085418347128588698e+19
3.407053682896380160e+17
9.429358559051186176e+19
1.291809881104868966e+20
1.291809881104868966e+20
1.180161997765293343e+20
8.115390832958801510e+19
9.182799923845193728e+19
6.116541822721597600e+16
1.584199438202247168e+19
5.588701622971286400e+16
7.434956304619225600e+16
3.069971742197253325e+19
2.696361391260923904e+19
1.150205992509363200e+17
1.499082397003745280e+17
2.011803995006242240e+17
2.193171036204744320e+17
4.892192231835205632e+19
4.032264586142322688e+19
3.332833957553058560e+17
3.345505617977528320e+17
3.900622973782772122e+19
3.048501872659176320e+17
4.341023720349562470e+19
2.890114856429462733e+19
4.337623692696629248e+19
4.772086659300873830e+19
1.961849564918851584e+19
1.222318039950062592e+19
3.279566308926341939e+19
1.982459425717852800e+17
3.350582824594257510e+19
3.407053682896380160e+17
8.071986028214730752e+19
1.334493884307116196e+20
1.334493884307116196e+20
1.105144847197253468e+20
9.470389889513108275e+19
9.535852088451933798e+19
6.116541822721597600e+16
1.584199438202247168e+19
5.588701622971286400e+16
7.434956304619225600e+16
2.243791641697877606e+19
2.474342149563046298e+19
1.150205992509363200e+17
1.613077403245942720e+17
2.011803995006242240e+17
1.885868289637952717e+19
3.844840360986266829e+19
4.191214479712858931e+19
3.292571785268414080e+17
3.345505617977528320e+17
3.816739079650436710e+19
3.048501872659176320e+17
3.795602635705368576e+19
2.890114856429462733e+19
2.637092054307115827e+19
2.125343320848938880e+17
2.524420878651686093e+19
1.222318039950062592e+19
6.403298300374532096e+19
1.982459425717852800e+17
5.440483329900124570e+19
5.060525985081149030e+19
4.018476903870161920e+17
1.192086487840199639e+20
1.192086487840199639e+20
1.105144847197253468e+20
6.671146315980025037e+19
1.263186203308364431e+20
6.116541822721597600e+16
1.584199438202247168e+19
2.428635855555555738e+19
7.434956304619225600e+16
2.651057892634207846e+19
2.897886112421973197e+19
1.150205992509363200e+17
1.613077403245942720e+17
2.011803995006242240e+17
1.885868289637952717e+19
2.824413760549312922e+19
3.550145008676654694e+19
3.292571785268414080e+17
2.522307043508115046e+19
2.792303370786516800e+17
3.048501872659176320e+17
2.280307539138576384e+19
3.164794007490636800e+17
3.067649222097378509e+19
2.125343320848938880e+17
4.107786891635455590e+19
1.713714107365792960e+17
2.808118481897628058e+19
1.910923845193507840e+17
3.174452332022472294e+19
5.878514608239700378e+19
4.018476903870161920e+17
7.321681755181024870e+19
1.192086487840199639e+20
8.333594842696630272e+19
8.333594842696630272e+19
4.212784931897628262e+19
6.116541822721597600e+16
1.584199438202247168e+19
2.428635855555555738e+19
7.434956304619225600e+16
2.651057892634207846e+19
2.897886112421973197e+19
1.150205992509363200e+17
1.613077403245942720e+17
2.011803995006242240e+17
1.885868289637952717e+19
2.824413760549312922e+19
2.569038701622971520e+17
3.292571785268414080e+17
2.522307043508115046e+19
2.792303370786516800e+17
3.048501872659176320e+17
4.935308010674157978e+19
3.164794007490636800e+17
3.067649222097378509e+19
2.125343320848938880e+17
4.107786891635455590e+19
1.713714107365792960e+17
2.808118481897628058e+19
1.910923845193507840e+17
3.174452332022472294e+19
5.878514608239700378e+19
3.565980024968789120e+17
7.321681755181024870e+19
8.526185241573033574e+19
6.462059162297127731e+19
8.333594842696630272e+19
4.212784931897628262e+19
6.116541822721597600e+16
1.584199438202247168e+19
1.594657915293383475e+19
1.503335449063670784e+19
1.861395491260923904e+19
2.018127153558052454e+19
1.126560549313358240e+17
1.613077403245942720e+17
2.011803995006242240e+17
1.885868289637952717e+19
2.826321026217228698e+19
2.569038701622971520e+17
3.292571785268414080e+17
2.157883730961298227e+19
2.792303370786516800e+17
3.048501872659176320e+17
3.184643427590512640e+19
3.164794007490636800e+17
3.232865603807740314e+19
2.020149812734082240e+17
3.366669081835206246e+19
1.713714107365792960e+17
3.743688542446941798e+19
1.910923845193507840e+17
3.348706761548064358e+19
3.954180471910112461e+19
3.565980024968789120e+17
6.822939594881396736e+19
7.883823633083644314e+19
5.900087855181023642e+19
6.462059162297127731e+19
6.111674162671661056e+19
6.116541822721597600e+16
1.584199438202247168e+19
1.100531838139825357e+19
1.999177334956304794e+19
1.987499857303370957e+19
1.349027655493133517e+19
1.126560549313358240e+17
1.613077403245942720e+17
2.011803995006242240e+17
2.091512481148564275e+19
3.336626370599250739e+19
2.569038701622971520e+17
3.292571785268414080e+17
1.380869444444444672e+19
2.792303370786516800e+17
3.309918851435705600e+17
1.958669682896379494e+19
3.164794007490636800e+17
2.029777325905118822e+19
2.020149812734082240e+17
2.719213551622971392e+19
1.713714107365792960e+17
2.418036131273408102e+19
1.867478152309613120e+17
3.238902408364544410e+19
3.397864795880149811e+19
3.565980024968789120e+17
5.090863317665417626e+19
5.285401759987514573e+19
4.534140177028713677e+19
5.900087855181023642e+19
3.701200704744070349e+19
6.116541822721597600e+16
1.584199438202247168e+19
1.413166054619226112e+19
1.411304294631710515e+19
9.309773277153558528e+18
1.515527395131086234e+19
1.126560549313358240e+17
1.613077403245942720e+17
2.269712858926342080e+17
1.941331474594256896e+19
2.278275602996254720e+19
2.569038701622971520e+17
3.292571785268414080e+17
1.744440634456928870e+19
2.936267166042446720e+17
3.309918851435705600e+17
1.720169000811485798e+19
3.164794007490636800e+17
1.590719402996254720e+19
2.020149812734082240e+17
2.140136970037453210e+19
1.705805243445693120e+17
1.408738613607990067e+19
1.867478152309613120e+17
2.427261814044943565e+19
3.102983128589264077e+19
3.102983128589264077e+19
5.958829168227216589e+19
5.285401759987514573e+19
2.998920059300873830e+19
4.534140177028713677e+19
4.311020521473158349e+19
6.116541822721597600e+16
1.584199438202247168e+19
1.413166054619226112e+19
1.411304294631710515e+19
9.309773277153558528e+18
1.515527395131086234e+19
1.126560549313358240e+17
1.613077403245942720e+17
2.269712858926342080e+17
1.941331474594256896e+19
2.278275602996254720e+19
2.569038701622971520e+17
1.736063670411984896e+19
1.744440634456928870e+19
2.936267166042446720e+17
3.309918851435705600e+17
1.720169000811485798e+19
2.983707865168539520e+17
1.590719402996254720e+19
2.020149812734082240e+17
2.140136970037453210e+19
1.705805243445693120e+17
1.408738613607990067e+19
1.867478152309613120e+17
1.493036230024968806e+19
3.102983128589264077e+19
3.102983128589264077e+19
3.574080136079900672e+19
4.056837734644194509e+19
2.998920059300873830e+19
4.534140177028713677e+19
4.311020521473158349e+19
6.116541822721597600e+16
1.584199438202247168e+19
1.067710020599251149e+19
1.103471518102372147e+19
7.608020050561798144e+18
1.448803767852684083e+19
1.126560549313358240e+17
1.613077403245942720e+17
2.269712858926342080e+17
1.912831534956305203e+19
1.582605711860175053e+19
2.464307116104869120e+17
1.736063670411984896e+19
8.981597345193507840e+18
2.936267166042446720e+17
3.309918851435705600e+17
1.560729691011236045e+19
2.983707865168539520e+17
1.406075645380774093e+19
2.020149812734082240e+17
1.182669745318352077e+19
1.705805243445693120e+17
1.587431135767790182e+19
1.511540325218476851e+19
1.493036230024968806e+19
3.605251487890137498e+19
3.605251487890137498e+19
3.574080136079900672e+19
2.392084538077403136e+19
2.998920059300873830e+19
2.998920059300873830e+19
1.882608237203495731e+19
