1.081841382047440732e+20
1.246535499906366833e+20
1.318445238008739430e+20
1.736067079794007409e+20
1.966317103620474470e+20
3.775549313358301757e+20
5.746404494382022656e+20
1.569551186017477984e+21
1.423308333461922775e+20
9.210610541260924518e+19
1.175973782771535544e+20
1.555398879026217288e+20
1.778426966292134953e+20
3.068963795255929733e+20
5.147534332084894433e+20
1.019948813982521754e+21
1.296629213483146117e+20
8.974082397003744870e+19
9.110799001248438682e+19
1.217234706616729108e+20
1.595324594257178460e+20
2.770873907615480545e+20
4.307534332084893123e+20
7.908901373283396485e+20
1.548894913520599368e+20
5.853083645443195699e+19
6.908026868813982925e+19
7.401810237203495322e+19
9.174282147315856179e+19
1.386860174781523231e+20
2.063295880149812838e+20
2.606298377028714168e+20
1.699525561475655270e+20
4.758058676654182400e+18
7.672965845193509888e+18
9.359950062421972992e+18
9.913267790262173696e+18
9.531922596754057216e+18
1.130919475655430758e+19
8.420199750312109056e+18
3.869881398252185190e+19
2.874942813732834099e+19
8.826641173920099533e+19
8.675424469413234278e+19
1.128514133451935089e+20
1.736573033707865375e+20
2.007197253433208340e+20
1.740936329588015104e+20
7.961647940074905600e+19
8.187908863920100147e+19
2.867509363295879987e+19
3.055006242197253325e+19
3.709781523096130355e+19
5.071304619225967002e+19
5.976229712858924646e+19
4.494182272159800525e+19
8.176504369538077696e+18
9.120536828963794944e+18
8.663233458177277952e+18
7.582821473158552576e+18
9.198339575530588160e+18
1.170853308364544410e+19
1.243335830212234854e+19
9.309862234706616320e+18
