4.452624900012709351e+11
4.962754266747403564e+11
4.962754266747403564e+11
4.399706018674261475e+11
4.078005973072581787e+11
3.627512951624840698e+11
3.627512951624840698e+11
2.017804279082284750e+15
2.017804279082284750e+15
2.017565430935880750e+15
2.017565430935880750e+15
1.785730038051238250e+15
1.785730038051238250e+15
1.603273976391785750e+15
7.108191855988396250e+14
7.108191855988396250e+14
6.543033782622021250e+14
0.000000000000000000e+00
6.543033782622021250e+14
9.006582340936103750e+14
9.006582340936103750e+14
1.218099942437223000e+15
8.317288643686410000e+14
8.317288643686410000e+14
0.000000000000000000e+00
0.000000000000000000e+00
0.000000000000000000e+00
0.000000000000000000e+00
0.000000000000000000e+00
5.087990685296074000e+15
5.322031966030486000e+15
5.648375533577040000e+15
5.648375533577040000e+15
5.155927844685162000e+15
0.000000000000000000e+00
0.000000000000000000e+00
0.000000000000000000e+00
2.473732310659579500e+15
0.000000000000000000e+00
0.000000000000000000e+00
0.000000000000000000e+00
4.199750312109862000e+15
4.199750312109862000e+15
0.000000000000000000e+00
0.000000000000000000e+00
4.223229570820904500e+15
4.223229570820904500e+15
4.186656649248319500e+15
4.962754266747403564e+11
4.962754266747403564e+11
4.962754266747403564e+11
4.399706018674261475e+11
4.078005973072581787e+11
3.627512951624840698e+11
3.627512951624840698e+11
2.017804279082284750e+15
2.182778263697324000e+15
2.017804279082284750e+15
2.017565430935880750e+15
2.017565430935880750e+15
1.873007729858634500e+15
1.603273976391785750e+15
1.588256819693945250e+15
7.108191855988396250e+14
7.108191855988396250e+14
6.543033782622021250e+14
6.543033782622021250e+14
9.006582340936103750e+14
9.006582340936103750e+14
1.218099942437223000e+15
1.281310039097834250e+15
1.281310039097834250e+15
8.317288643686410000e+14
2.052679846299909750e+15
2.052679846299909750e+15
0.000000000000000000e+00
0.000000000000000000e+00
5.087990685296074000e+15
5.648375533577040000e+15
5.648375533577040000e+15
5.910276824627898000e+15
5.910276824627898000e+15
0.000000000000000000e+00
0.000000000000000000e+00
0.000000000000000000e+00
2.473732310659579500e+15
0.000000000000000000e+00
0.000000000000000000e+00
0.000000000000000000e+00
4.199750312109862000e+15
4.199750312109862000e+15
0.000000000000000000e+00
0.000000000000000000e+00
4.223229570820904500e+15
4.223229570820904500e+15
4.186656649248319500e+15
4.962754266747403564e+11
1.054736220443009000e+16
4.962754266747403564e+11
4.399706018674261475e+11
4.078005973072581787e+11
3.627512951624840698e+11
3.627512951624840698e+11
2.017804279082284750e+15
2.182778263697324000e+15
2.017804279082284750e+15
2.182778263697324000e+15
2.017565430935880750e+15
1.873007729858634500e+15
1.603273976391785750e+15
1.588256819693945250e+15
8.618997959137903750e+14
7.108191855988396250e+14
8.618997959137903750e+14
9.006582340936103750e+14
1.218099942437223000e+15
9.006582340936103750e+14
1.218099942437223000e+15
1.281310039097834250e+15
1.281310039097834250e+15
2.052679846299909750e+15
2.052679846299909750e+15
2.808951385618276500e+15
2.808951385618276500e+15
3.246972160547818500e+15
5.087990685296074000e+15
5.648375533577040000e+15
9.704166573220600000e+15
5.910276824627898000e+15
5.910276824627898000e+15
0.000000000000000000e+00
0.000000000000000000e+00
0.000000000000000000e+00
2.473732310659579500e+15
0.000000000000000000e+00
0.000000000000000000e+00
0.000000000000000000e+00
4.199750312109862000e+15
4.199750312109862000e+15
0.000000000000000000e+00
0.000000000000000000e+00
4.223229570820904500e+15
4.223229570820904500e+15
4.186656649248319500e+15
1.989150911659826400e+16
3.771568099755544800e+16
4.962754266747403564e+11
4.399706018674261475e+11
4.078005973072581787e+11
3.627512951624840698e+11
3.627512951624840698e+11
2.017804279082284750e+15
2.182778263697324000e+15
2.017804279082284750e+15
2.182778263697324000e+15
2.017565430935880750e+15
1.873007729858634500e+15
1.603273976391785750e+15
1.588256819693945250e+15
8.618997959137903750e+14
7.108191855988396250e+14
8.618997959137903750e+14
9.006582340936103750e+14
1.218099942437223000e+15
1.218099942437223000e+15
1.281310039097834250e+15
1.281310039097834250e+15
1.281310039097834250e+15
2.052679846299909750e+15
2.052679846299909750e+15
2.808951385618276500e+15
2.808951385618276500e+15
3.246972160547818500e+15
5.087990685296074000e+15
5.648375533577040000e+15
1.211254083593113200e+16
5.910276824627898000e+15
5.910276824627898000e+15
0.000000000000000000e+00
0.000000000000000000e+00
0.000000000000000000e+00
2.473732310659579500e+15
0.000000000000000000e+00
0.000000000000000000e+00
0.000000000000000000e+00
4.199750312109862000e+15
4.199750312109862000e+15
0.000000000000000000e+00
0.000000000000000000e+00
4.223229570820904500e+15
4.223229570820904500e+15
4.186656649248319500e+15
6.403335650795784800e+16
5.750206515807336000e+16
5.750206515807336000e+16
5.044611152227380800e+16
4.078005973072581787e+11
3.627512951624840698e+11
3.627512951624840698e+11
2.017804279082284750e+15
2.182778263697324000e+15
2.017804279082284750e+15
2.182778263697324000e+15
2.017565430935880750e+15
1.873007729858634500e+15
1.603273976391785750e+15
1.446911233712350500e+15
8.618997959137903750e+14
7.108191855988396250e+14
8.618997959137903750e+14
8.218775931283500000e+14
1.218099942437223000e+15
1.218099942437223000e+15
1.281310039097834250e+15
1.281310039097834250e+15
1.281310039097834250e+15
1.575467604117607250e+15
2.052679846299909750e+15
2.808951385618276500e+15
3.246972160547818500e+15
5.087990685296074000e+15
1.420074457825921000e+16
5.648375533577040000e+15
1.629087891632465600e+16
5.910276824627898000e+15
1.272284457302623000e+16
5.910276824627898000e+15
6.261043456158843000e+15
0.000000000000000000e+00
2.473732310659579500e+15
0.000000000000000000e+00
0.000000000000000000e+00
0.000000000000000000e+00
4.199750312109862000e+15
4.199750312109862000e+15
0.000000000000000000e+00
0.000000000000000000e+00
4.223229570820904500e+15
4.223229570820904500e+15
4.186656649248319500e+15
9.051348613634153600e+16
8.661956984906590400e+16
8.661956984906590400e+16
6.858567509176403200e+16
4.078005973072581787e+11
3.627512951624840698e+11
3.627512951624840698e+11
2.017804279082284750e+15
2.182778263697324000e+15
2.017804279082284750e+15
2.182778263697324000e+15
2.017565430935880750e+15
1.610543706594301750e+15
1.603273976391785750e+15
1.446911233712350500e+15
8.618997959137903750e+14
7.108191855988396250e+14
8.618997959137903750e+14
8.218775931283500000e+14
1.218099942437223000e+15
1.218099942437223000e+15
1.281310039097834250e+15
1.281310039097834250e+15
1.281310039097834250e+15
1.575467604117607250e+15
2.052679846299909750e+15
2.808951385618276500e+15
3.246972160547818500e+15
5.087990685296074000e+15
1.809301247691882000e+16
5.087990685296074000e+15
1.809301247691882000e+16
5.910276824627898000e+15
1.629087891632465600e+16
5.910276824627898000e+15
6.261043456158843000e+15
3.788626866117951000e+15
2.473732310659579500e+15
0.000000000000000000e+00
0.000000000000000000e+00
0.000000000000000000e+00
4.199750312109862000e+15
4.199750312109862000e+15
0.000000000000000000e+00
0.000000000000000000e+00
4.223229570820904500e+15
4.223229570820904500e+15
4.186656649248319500e+15
9.051348613634153600e+16
9.288681064836619200e+16
9.288681064836619200e+16
8.661956984906590400e+16
4.078005973072581787e+11
3.627512951624840698e+11
3.627512951624840698e+11
2.017804279082284750e+15
2.182778263697324000e+15
2.017804279082284750e+15
2.182778263697324000e+15
2.017565430935880750e+15
1.610543706594301750e+15
1.603273976391785750e+15
1.446911233712350500e+15
8.618997959137903750e+14
7.108191855988396250e+14
8.618997959137903750e+14
8.218775931283500000e+14
1.218099942437223000e+15
1.218099942437223000e+15
1.281310039097834250e+15
1.281310039097834250e+15
1.281310039097834250e+15
1.575467604117607250e+15
2.052679846299909750e+15
2.808951385618276500e+15
3.246972160547818500e+15
5.087990685296074000e+15
2.447865691837298800e+16
5.087990685296074000e+15
2.470005681520853600e+16
5.910276824627898000e+15
2.028048771371115600e+16
5.910276824627898000e+15
6.261043456158843000e+15
3.788626866117951000e+15
2.473732310659579500e+15
0.000000000000000000e+00
2.473732310659579500e+15
4.199750312109862000e+15
4.649489410691725000e+15
4.199750312109862000e+15
0.000000000000000000e+00
0.000000000000000000e+00
4.223229570820904500e+15
4.223229570820904500e+15
4.186656649248319500e+15
9.051348613634153600e+16
9.140490554471579200e+16
9.288681064836619200e+16
8.661956984906590400e+16
4.359857064896423950e+11
4.005936254831162109e+11
4.005936254831162109e+11
2.017804279082284750e+15
2.182778263697324000e+15
2.141578266687598500e+15
2.182778263697324000e+15
2.141578266687598500e+15
1.610543706594301750e+15
1.603273976391785750e+15
1.446911233712350500e+15
8.618997959137903750e+14
7.108191855988396250e+14
8.618997959137903750e+14
8.218775931283500000e+14
1.218099942437223000e+15
1.218099942437223000e+15
1.281310039097834250e+15
1.281310039097834250e+15
1.281310039097834250e+15
1.575467604117607250e+15
2.052679846299909750e+15
2.808951385618276500e+15
3.246972160547818500e+15
4.810695089222303000e+15
1.899159546076386400e+16
5.135635096847503000e+15
2.337641197006735200e+16
5.910276824627898000e+15
1.962823416836738400e+16
5.910276824627898000e+15
6.261043456158843000e+15
3.788626866117951000e+15
2.473732310659579500e+15
4.279138352508465625e+14
2.473732310659579500e+15
4.199750312109862000e+15
4.649489410691725000e+15
5.194446313365777000e+15
5.194446313365777000e+15
4.223229570820904500e+15
4.223229570820904500e+15
4.223229570820904500e+15
4.186656649248319500e+15
9.288681064836619200e+16
9.288681064836619200e+16
2.165166670404509120e+17
2.165166670404509120e+17
4.359857064896423950e+11
4.005936254831162109e+11
4.005936254831162109e+11
2.265569609843982000e+15
2.265569609843982000e+15
2.141578266687598500e+15
2.182778263697324000e+15
2.141578266687598500e+15
1.683177465294130500e+15
1.610543706594301750e+15
1.610543706594301750e+15
1.446911233712350500e+15
8.618997959137903750e+14
8.618997959137903750e+14
8.218775931283500000e+14
1.116957657718271375e+15
1.116957657718271375e+15
1.322357158342490750e+15
1.322357158342490750e+15
1.322357158342490750e+15
1.575467604117607250e+15
2.052679846299909750e+15
2.808951385618276500e+15
3.246972160547818500e+15
4.810695089222303000e+15
1.899159546076386400e+16
5.135635096847503000e+15
2.095000074756853200e+16
5.910276824627898000e+15
1.783483594608535800e+16
5.910276824627898000e+15
6.261043456158843000e+15
3.788626866117951000e+15
2.473732310659579500e+15
4.279138352508465625e+14
2.473732310659579500e+15
4.199750312109862000e+15
4.649489410691725000e+15
5.194446313365777000e+15
5.194446313365777000e+15
4.223229570820904500e+15
1.932558104764254000e+15
4.186656649248319500e+15
4.186656649248319500e+15
9.594761787286848000e+16
1.929936008133545920e+17
2.165166670404509120e+17
2.280976623531962240e+17
2.280976623531962240e+17
4.005936254831162109e+11
4.005936254831162109e+11
1.115823409361052800e+17
1.115823409361052800e+17
2.141578266687598500e+15
2.141578266687598500e+15
2.141578266687598500e+15
1.683177465294130500e+15
1.610543706594301750e+15
1.610543706594301750e+15
1.446911233712350500e+15
8.618997959137903750e+14
8.618997959137903750e+14
8.560590429627636250e+14
1.116957657718271375e+15
1.116957657718271375e+15
1.322357158342490750e+15
1.322357158342490750e+15
1.322357158342490750e+15
1.575467604117607250e+15
2.052679846299909750e+15
2.808951385618276500e+15
3.246972160547818500e+15
4.810695089222303000e+15
9.955233727301952000e+15
5.135635096847503000e+15
1.899159546076386400e+16
5.135635096847503000e+15
1.783483594608535800e+16
4.575031584770533000e+15
6.261043456158843000e+15
3.788626866117951000e+15
2.473732310659579500e+15
4.279138352508465625e+14
2.473732310659579500e+15
4.199750312109862000e+15
4.649489410691725000e+15
5.194446313365777000e+15
5.194446313365777000e+15
4.223229570820904500e+15
1.932558104764254000e+15
4.186656649248319500e+15
4.186656649248319500e+15
1.955629004163956480e+17
1.955629004163956480e+17
2.165166670404509120e+17
2.280976623531962240e+17
2.280976623531962240e+17
4.005936254831162109e+11
4.005936254831162109e+11
1.115823409361052800e+17
1.115823409361052800e+17
2.141578266687598500e+15
2.141578266687598500e+15
2.141578266687598500e+15
1.683177465294130500e+15
1.610543706594301750e+15
1.610543706594301750e+15
1.446911233712350500e+15
8.560590429627636250e+14
8.560590429627636250e+14
8.560590429627636250e+14
1.116957657718271375e+15
1.116957657718271375e+15
1.322357158342490750e+15
1.322357158342490750e+15
1.322357158342490750e+15
1.575467604117607250e+15
2.052679846299909750e+15
3.246972160547818500e+15
4.345898091457534500e+15
4.810695089222303000e+15
9.955233727301952000e+15
5.135635096847503000e+15
5.592698498134816000e+15
5.135635096847503000e+15
1.130476873967420800e+16
4.575031584770533000e+15
6.261043456158843000e+15
3.788626866117951000e+15
2.473732310659579500e+15
4.279138352508465625e+14
2.473732310659579500e+15
4.199750312109862000e+15
4.649489410691725000e+15
5.194446313365777000e+15
5.194446313365777000e+15
4.639337430008896000e+15
4.223229570820904500e+15
4.186656649248319500e+15
4.186656649248319500e+15
1.955629004163956480e+17
1.955629004163956480e+17
2.165166670404509120e+17
2.280976623531962240e+17
2.280976623531962240e+17
4.005936254831162109e+11
4.005936254831162109e+11
9.964021395411424000e+16
9.964021395411424000e+16
2.141578266687598500e+15
2.141578266687598500e+15
6.071987111918484000e+16
6.071987111918484000e+16
1.683177465294130500e+15
1.873007729858634500e+15
1.873007729858634500e+15
8.560590429627636250e+14
8.560590429627636250e+14
8.560590429627636250e+14
1.116957657718271375e+15
8.218775931283500000e+14
1.116957657718271375e+15
8.872887184432632500e+14
1.322357158342490750e+15
1.522645159119962000e+15
1.733546951041736750e+15
3.396073022494336000e+15
4.345898091457534500e+15
4.810695089222303000e+15
4.810695089222303000e+15
4.810695089222303000e+15
5.135635096847503000e+15
5.135635096847503000e+15
5.592698498134816000e+15
4.575031584770533000e+15
6.261043456158843000e+15
3.788626866117951000e+15
2.473732310659579500e+15
4.279138352508465625e+14
2.473732310659579500e+15
4.199750312109862000e+15
4.649489410691725000e+15
5.194446313365777000e+15
5.194446313365777000e+15
4.639337430008896000e+15
4.223229570820904500e+15
4.186656649248319500e+15
4.186656649248319500e+15
2.004209932195534080e+17
2.004209932195534080e+17
2.235833950077373440e+17
2.512377679098731520e+17
2.512377679098731520e+17
4.078005973072581787e+11
4.078005973072581787e+11
9.964021395411424000e+16
9.964021395411424000e+16
2.141578266687598500e+15
2.141578266687598500e+15
6.584389273886682400e+16
6.584389273886682400e+16
1.873007729858634500e+15
1.873007729858634500e+15
1.873007729858634500e+15
8.560590429627636250e+14
7.921211883349405000e+14
8.218775931283500000e+14
8.218775931283500000e+14
8.218775931283500000e+14
1.116957657718271375e+15
1.322357158342490750e+15
1.322357158342490750e+15
1.522645159119962000e+15
1.733546951041736750e+15
3.396073022494336000e+15
4.345898091457534500e+15
4.810695089222303000e+15
4.810695089222303000e+15
4.810695089222303000e+15
5.135635096847503000e+15
5.135635096847503000e+15
5.592698498134816000e+15
4.575031584770533000e+15
3.788626866117951000e+15
3.788626866117951000e+15
2.473732310659579500e+15
4.279138352508465625e+14
2.473732310659579500e+15
4.199750312109862000e+15
4.649489410691725000e+15
5.194446313365777000e+15
5.194446313365777000e+15
4.639337430008896000e+15
4.223229570820904500e+15
4.186656649248319500e+15
4.186656649248319500e+15
2.153040361225115520e+17
2.153040361225115520e+17
2.235833950077373440e+17
2.235833950077373440e+17
2.235833950077373440e+17
4.078005973072581787e+11
4.078005973072581787e+11
8.031945472351177600e+16
8.031945472351177600e+16
2.182778263697324000e+15
2.141578266687598500e+15
2.228093999267382500e+15
2.228093999267382500e+15
1.873007729858634500e+15
1.873007729858634500e+15
1.873007729858634500e+15
8.560590429627636250e+14
7.921211883349405000e+14
8.038159635784610000e+14
8.038159635784610000e+14
9.006582340936103750e+14
1.322357158342490750e+15
1.372888679569699500e+15
1.372888679569699500e+15
1.522645159119962000e+15
1.733546951041736750e+15
4.078958188491930000e+15
4.078958188491930000e+15
4.345898091457534500e+15
3.816084684563457000e+15
4.810695089222303000e+15
5.135635096847503000e+15
5.135635096847503000e+15
5.592698498134816000e+15
4.575031584770533000e+15
3.788626866117951000e+15
3.788626866117951000e+15
2.473732310659579500e+15
4.279138352508465625e+14
2.473732310659579500e+15
4.199750312109862000e+15
4.649489410691725000e+15
5.194446313365777000e+15
5.194446313365777000e+15
4.639337430008896000e+15
4.223229570820904500e+15
4.186656649248319500e+15
4.186656649248319500e+15
2.153040361225115520e+17
2.153040361225115520e+17
2.235833950077373440e+17
2.235833950077373440e+17
2.152948223403380800e+17
2.130401182653419520e+17
1.397666277931029120e+17
8.031945472351177600e+16
8.031945472351177600e+16
2.182778263697324000e+15
2.017804279082284750e+15
2.182778263697324000e+15
2.017565430935880750e+15
1.873007729858634500e+15
1.610543706594301750e+15
1.873007729858634500e+15
9.592836798313485000e+14
7.921211883349405000e+14
8.038159635784610000e+14
8.038159635784610000e+14
9.006582340936103750e+14
1.655433328100353500e+15
1.655433328100353500e+15
1.522645159119962000e+15
1.522645159119962000e+15
1.733546951041736750e+15
4.078958188491930000e+15
4.078958188491930000e+15
4.345898091457534500e+15
3.816084684563457000e+15
4.810695089222303000e+15
5.135635096847503000e+15
5.135635096847503000e+15
5.592698498134816000e+15
4.575031584770533000e+15
5.173206022412104000e+15
3.788626866117951000e+15
2.473732310659579500e+15
4.279138352508465625e+14
2.473732310659579500e+15
4.279138352508465625e+14
4.649489410691725000e+15
5.194446313365777000e+15
5.194446313365777000e+15
4.639337430008896000e+15
4.223229570820904500e+15
4.186656649248319500e+15
4.186656649248319500e+15
2.153040361225115520e+17
2.153040361225115520e+17
2.235833950077373440e+17
2.235833950077373440e+17
2.152948223403380800e+17
2.130401182653419520e+17
1.684432819753750720e+17
1.397666277931029120e+17
1.397666277931029120e+17
7.607877877204393600e+16
2.017565430935880750e+15
2.017565430935880750e+15
2.017565430935880750e+15
1.610543706594301750e+15
1.603273976391785750e+15
1.610543706594301750e+15
1.588256819693945250e+15
9.592836798313485000e+14
8.826276286378552500e+14
8.826276286378552500e+14
9.006582340936103750e+14
1.655433328100353500e+15
1.655433328100353500e+15
1.655433328100353500e+15
1.733546951041736750e+15
1.900533763932808000e+15
1.900533763932808000e+15
3.628690185172725000e+15
4.345898091457534500e+15
3.816084684563457000e+15
4.405219523499816500e+15
5.483985213094409000e+15
5.483985213094409000e+15
4.575031584770533000e+15
4.575031584770533000e+15
5.173206022412104000e+15
5.173206022412104000e+15
3.953931089132597000e+15
1.736397990535782250e+15
3.953931089132597000e+15
4.279138352508465625e+14
4.649489410691725000e+15
5.194446313365777000e+15
5.194446313365777000e+15
4.639337430008896000e+15
4.223229570820904500e+15
4.186656649248319500e+15
4.186656649248319500e+15
