6.116541822721597600e+16
1.584199438202247168e+19
5.939825218476903200e+16
0.000000000000000000e+00
6.637578027465668000e+16
9.821223470661673600e+16
1.126560549313358240e+17
0.000000000000000000e+00
2.269712858926342080e+17
2.118308364544319680e+17
0.000000000000000000e+00
2.464307116104869120e+17
1.736063670411984896e+19
2.416398252184768512e+18
2.936267166042446720e+17
0.000000000000000000e+00
0.000000000000000000e+00
2.983707865168539520e+17
2.881455680399500902e+19
1.361991260923845222e+19
2.394631710362047040e+17
1.705805243445693120e+17
0.000000000000000000e+00
1.826716604244694080e+17
1.982459425717852800e+17
6.346754057428214784e+18
3.407053682896380160e+17
4.634144818976279680e+17
5.471448189762796544e+18
5.220642946317103360e+17
5.860923845193507840e+17
3.242604868913857741e+19
6.116541822721597600e+16
1.584199438202247168e+19
5.939825218476903200e+16
0.000000000000000000e+00
6.637578027465668000e+16
9.821223470661673600e+16
1.126560549313358240e+17
1.613077403245942720e+17
2.269712858926342080e+17
1.885868289637952717e+19
2.212228464419475840e+17
2.569038701622971520e+17
1.736063670411984896e+19
4.906290886392010342e+19
2.936267166042446720e+17
3.309918851435705600e+17
1.527039950062421811e+19
2.983707865168539520e+17
1.587586766541822566e+19
2.020149812734082240e+17
7.787983770287139840e+18
1.705805243445693120e+17
1.640455680399500800e+17
1.867478152309613120e+17
2.183333333333333120e+17
3.540767790262172160e+17
3.407053682896380160e+17
3.198967540574282547e+19
1.033214731585518182e+19
5.554556803995006080e+17
1.050504993757802701e+19
1.335218476903870080e+17
6.116541822721597600e+16
1.584199438202247168e+19
5.939825218476903200e+16
7.434956304619225600e+16
3.481885143570536960e+18
1.290256554307116237e+19
1.126560549313358240e+17
1.613077403245942720e+17
2.269712858926342080e+17
1.885868289637952717e+19
2.212228464419475840e+17
2.569038701622971520e+17
3.292571785268414080e+17
4.906290886392010342e+19
2.936267166042446720e+17
3.309918851435705600e+17
1.527039950062421811e+19
3.164794007490636800e+17
9.192596754057427968e+18
2.020149812734082240e+17
5.017028089887639962e+19
1.713714107365792960e+17
5.658183520599251968e+18
1.867478152309613120e+17
2.183333333333333120e+17
3.540767790262172160e+17
3.565980024968789120e+17
3.198967540574282547e+19
1.033214731585518182e+19
5.554556803995006080e+17
1.037067415730337178e+19
1.335218476903870080e+17
6.116541822721597600e+16
1.584199438202247168e+19
5.939825218476903200e+16
7.434956304619225600e+16
1.549531835205992858e+19
5.768664169787764480e+17
1.126560549313358240e+17
1.613077403245942720e+17
2.011803995006242240e+17
1.885868289637952717e+19
2.212228464419475840e+17
2.569038701622971520e+17
3.292571785268414080e+17
4.906290886392010342e+19
2.792303370786516800e+17
3.048501872659176320e+17
1.466968789013732966e+19
3.164794007490636800e+17
2.141747815230961280e+17
2.125343320848938880e+17
1.766729088639200960e+17
1.713714107365792960e+17
2.631142322097378918e+19
1.910923845193507840e+17
1.024129213483146035e+19
3.323283395755306240e+17
4.018476903870161920e+17
4.349038701622970778e+19
1.038141073657927680e+19
5.860923845193507840e+17
8.095330836454431130e+19
8.448757802746565427e+19
6.116541822721597600e+16
1.584199438202247168e+19
5.588701622971286400e+16
7.434956304619225600e+16
1.334081772784020070e+19
4.963171036204743680e+18
1.150205992509363200e+17
1.613077403245942720e+17
2.011803995006242240e+17
1.885868289637952717e+19
2.306922596754057626e+19
2.569038701622971520e+17
3.292571785268414080e+17
3.345505617977528320e+17
2.792303370786516800e+17
3.048501872659176320e+17
2.535441947565543014e+19
2.890114856429462733e+19
2.141747815230961280e+17
2.125343320848938880e+17
1.766729088639200960e+17
1.222318039950062592e+19
3.026416978776529715e+19
1.910923845193507840e+17
1.024129213483146035e+19
3.407053682896380160e+17
4.018476903870161920e+17
8.875187265917603021e+19
5.220642946317103360e+17
1.050504993757802701e+19
1.159562421972534395e+20
2.540761548064919040e+18
6.116541822721597600e+16
5.503121098626716800e+16
5.588701622971286400e+16
7.434956304619225600e+16
1.224795880149812634e+19
2.787448813982521754e+19
1.150205992509363200e+17
1.499082397003745280e+17
2.011803995006242240e+17
2.193171036204744320e+17
2.544951310861423411e+19
2.489937578027465600e+17
3.332833957553058560e+17
3.345505617977528320e+17
2.721803995006242240e+17
3.473464419475655680e+17
2.933645443196005120e+17
2.890114856429462733e+19
2.111298377028713920e+17
2.394631710362047040e+17
1.709488139825218560e+17
1.222318039950062592e+19
1.029462546816479437e+19
1.982459425717852800e+17
4.080280898876404531e+19
3.407053682896380160e+17
4.634144818976279680e+17
1.548103620474407158e+20
5.220642946317103360e+17
1.159562421972534395e+20
1.352890137328339517e+20
9.843351660867667558e+19
6.116541822721597600e+16
5.503121098626716800e+16
5.588701622971286400e+16
7.434956304619225600e+16
1.447284019975031521e+20
2.164030586766541619e+19
1.150205992509363200e+17
1.499082397003745280e+17
1.890037453183520640e+17
2.193171036204744320e+17
4.308129213483146445e+19
7.892297128589262848e+19
3.332833957553058560e+17
3.145568039950062080e+17
2.721803995006242240e+17
3.473464419475655680e+17
2.933645443196005120e+17
2.881455680399500902e+19
2.043320848938826560e+17
6.641234958302121984e+19
1.744382022471910080e+17
1.640455680399500800e+17
1.826716604244694080e+17
2.183333333333333120e+17
9.447452118414481818e+19
3.565980024968789120e+17
3.198967540574282547e+19
1.038141073657927680e+19
5.554556803995006080e+17
1.789094815505617715e+20
2.475205992509363323e+20
1.347706537184768819e+20
6.116541822721597600e+16
5.503121098626716800e+16
5.588701622971286400e+16
7.434956304619225600e+16
4.973838142009987891e+19
5.167094998377028813e+19
1.213876404494382080e+17
1.491810237203495360e+17
1.890037453183520640e+17
2.112453183520599360e+17
2.583882646691635840e+17
6.347964373907614106e+19
1.721503745318352077e+19
3.137265917602996480e+17
6.137925167602996019e+19
3.055056179775280640e+17
2.858801498127340800e+17
3.021011235955055821e+19
1.361991260923845222e+19
6.011734356866416640e+19
1.705805243445693120e+17
5.795966252871409664e+19
1.867478152309613120e+17
6.563326007490636186e+19
3.323283395755306240e+17
4.634144818976279680e+17
1.071738121429463204e+20
5.220642946317103360e+17
1.050504993757802701e+19
1.895649188514357248e+20
1.734837557846441984e+20
1.803470494575530476e+20
