1.101339269027488125e+15
1.101339269027488125e+15
1.008856070630274875e+15
1.179608946900207250e+15
1.773735861610113250e+15
1.773735861610113250e+15
1.773735861610113250e+15
1.494791503136049750e+15
1.992209214529741750e+15
1.496254494755806750e+15
1.496254494755806750e+15
1.496254494755806750e+15
1.596912915741550500e+15
2.115624556131183250e+15
2.115624556131183250e+15
2.114396674815163750e+15
1.750312109862671250e+15
1.750312109862671250e+15
1.588430255593681750e+15
1.725973521122548750e+15
1.795094081499921500e+15
1.725973521122548750e+15
2.328520860899922800e+16
2.840973483744122000e+15
4.619661426211247000e+15
4.619661426211247000e+15
4.619661426211247000e+15
1.485515672774301440e+17
1.630585458296888960e+17
2.034607190114153280e+17
1.749128335090119360e+17
1.749128335090119360e+17
1.101339269027488125e+15
1.101339269027488125e+15
1.008856070630274875e+15
1.179608946900207250e+15
2.785019847944560400e+16
2.785019847944560400e+16
1.992209214529741750e+15
1.494791503136049750e+15
2.034155658720013000e+15
1.496254494755806750e+15
1.496254494755806750e+15
1.496254494755806750e+15
1.964682806671301500e+15
2.115624556131183250e+15
3.236319495839780500e+15
3.236319495839780500e+15
2.114396674815163750e+15
1.753486659639522250e+15
1.753486659639522250e+15
1.753486659639522250e+15
1.040320108845978400e+16
1.725973521122548750e+15
2.308465466071602400e+16
2.968884328720835000e+15
4.619661426211247000e+15
4.619661426211247000e+15
4.619661426211247000e+15
1.237495047358466400e+17
1.630585458296888960e+17
2.034607190114153280e+17
2.034607190114153280e+17
2.231367788767034880e+17
1.101339269027488125e+15
1.101339269027488125e+15
1.008856070630274875e+15
1.179608946900207250e+15
2.785019847944560400e+16
2.785019847944560400e+16
2.034155658720013000e+15
1.494791503136049750e+15
2.034155658720013000e+15
2.927740960027510500e+15
2.927740960027510500e+15
1.707250106528515750e+15
1.964682806671301500e+15
2.685920294242974500e+15
3.236319495839780500e+15
3.236319495839780500e+15
2.114396674815163750e+15
1.753486659639522250e+15
1.753486659639522250e+15
1.753486659639522250e+15
1.040320108845978400e+16
1.646984682320751500e+15
2.308465466071602400e+16
2.968884328720835000e+15
3.820873234803799500e+15
7.010350086344164800e+16
1.024776290116396160e+17
1.237495047358466400e+17
1.509447808502844160e+17
1.937792579634738240e+17
2.156659901171439360e+17
2.231367788767034880e+17
1.101339269027488125e+15
1.101339269027488125e+15
1.008856070630274875e+15
1.179608946900207250e+15
2.511034111552176800e+16
2.511034111552176800e+16
2.034155658720013000e+15
1.494791503136049750e+15
2.034155658720013000e+15
2.927740960027510500e+15
2.927740960027510500e+15
1.707250106528515750e+15
1.707250106528515750e+15
2.685920294242974500e+15
2.685920294242974500e+15
2.565323099120111500e+15
2.114396674815163750e+15
1.753486659639522250e+15
1.753486659639522250e+15
1.753486659639522250e+15
1.040320108845978400e+16
1.646984682320751500e+15
1.663299991776746250e+15
1.663299991776746250e+15
3.820873234803799500e+15
6.503010832268046400e+16
8.583673477016004800e+16
8.583673477016004800e+16
1.358141955788796800e+17
1.937792579634738240e+17
2.156659901171439360e+17
2.173221160674904960e+17
1.101339269027488125e+15
1.101339269027488125e+15
1.008856070630274875e+15
1.179608946900207250e+15
2.772283149057690000e+15
2.772283149057690000e+15
2.034155658720013000e+15
1.494791503136049750e+15
2.034155658720013000e+15
1.872827005165698500e+15
1.600263891692271500e+15
1.600263891692271500e+15
1.707250106528515750e+15
2.685920294242974500e+15
2.685920294242974500e+15
2.565323099120111500e+15
1.455611436303423000e+15
1.455611436303423000e+15
1.455611436303423000e+15
1.646984682320751500e+15
1.646984682320751500e+15
1.646984682320751500e+15
1.663299991776746250e+15
1.508076917326395750e+15
3.820873234803799500e+15
1.696042372184469800e+16
6.503010832268046400e+16
6.503010832268046400e+16
8.583673477016004800e+16
1.790489246226647680e+17
2.083209423848931200e+17
2.156659901171439360e+17
1.101339269027488125e+15
1.101339269027488125e+15
1.008856070630274875e+15
1.179608946900207250e+15
2.772283149057690000e+15
2.772283149057690000e+15
2.034155658720013000e+15
1.872827005165698500e+15
2.034155658720013000e+15
1.872827005165698500e+15
1.600263891692271500e+15
1.600263891692271500e+15
1.707250106528515750e+15
2.351358892701488000e+15
2.565323099120111500e+15
2.565323099120111500e+15
1.455611436303423000e+15
1.455611436303423000e+15
1.455611436303423000e+15
1.646984682320751500e+15
1.646984682320751500e+15
1.343357106012693750e+15
1.508076917326395750e+15
1.279406355827670250e+15
1.663299991776746250e+15
3.820873234803799500e+15
1.696042372184469800e+16
3.617885950944552800e+16
8.583673477016004800e+16
1.378928285750596160e+17
1.790489246226647680e+17
1.923406744563307520e+17
1.101339269027488125e+15
1.101339269027488125e+15
1.008856070630274875e+15
1.179608946900207250e+15
2.772283149057690000e+15
2.772283149057690000e+15
2.034155658720013000e+15
1.872827005165698500e+15
2.034155658720013000e+15
2.927740960027510500e+15
2.927740960027510500e+15
1.707250106528515750e+15
1.707250106528515750e+15
2.351358892701488000e+15
2.565323099120111500e+15
2.565323099120111500e+15
1.455611436303423000e+15
1.455611436303423000e+15
1.455611436303423000e+15
-7.321237674463806000e+15
1.343357106012693750e+15
1.343357106012693750e+15
1.508076917326395750e+15
-3.387993675570207200e+16
1.508076917326395750e+15
-2.760523896028167600e+16
2.840973483744122000e+15
1.696042372184469800e+16
3.617885950944552800e+16
9.578672243527923200e+16
1.189343410557162720e+17
1.189343410557162720e+17
1.101339269027488125e+15
1.101339269027488125e+15
1.008856070630274875e+15
1.179608946900207250e+15
1.008856070630274875e+15
1.012218447001128875e+15
1.012218447001128875e+15
1.872827005165698500e+15
2.034155658720013000e+15
2.635378307056299000e+15
2.635378307056299000e+15
1.707250106528515750e+15
1.707250106528515750e+15
1.928819327636860750e+15
2.351358892701488000e+15
-4.377047403320700000e+16
1.455611436303423000e+15
-4.655656851091824000e+16
1.455611436303423000e+15
-2.179504287305538400e+16
1.343357106012693750e+15
-3.387993675570207200e+16
1.508076917326395750e+15
-3.730084774271680800e+16
1.508076917326395750e+15
-3.730084774271680800e+16
-2.760523896028167600e+16
-3.876299834787353600e+16
-2.144348008103642400e+16
3.617885950944552800e+16
9.578672243527923200e+16
1.176451404307489760e+17
1.101339269027488125e+15
1.101339269027488125e+15
1.008856070630274875e+15
1.008856070630274875e+15
-1.316357920862394800e+16
-1.316357920862394800e+16
1.012218447001128875e+15
1.872827005165698500e+15
2.272016827767685500e+15
1.872827005165698500e+15
-2.330849536881293600e+16
-2.330849536881293600e+16
1.707250106528515750e+15
1.707250106528515750e+15
2.351358892701488000e+15
-4.377047403320700000e+16
1.455611436303423000e+15
-1.034002407170677280e+17
1.088994296052090375e+15
-1.034002407170677280e+17
1.725973521122548750e+15
-6.840943581002787200e+16
1.508076917326395750e+15
-8.747891856735964800e+16
-8.747891856735964800e+16
-1.324200849237853760e+17
-1.324200849237853760e+17
-1.324200849237853760e+17
-1.486651416268586240e+17
-3.876299834787353600e+16
-2.144348008103642400e+16
7.271322523492340800e+16
1.101339269027488125e+15
8.726533823738290000e+14
8.726533823738290000e+14
-6.121165907884604000e+16
-6.121165907884604000e+16
-6.121165907884604000e+16
1.012218447001128875e+15
1.872827005165698500e+15
2.272016827767685500e+15
1.872827005165698500e+15
-2.330849536881293600e+16
-2.330849536881293600e+16
1.928819327636860750e+15
6.590937974238786719e+13
6.590937974238786719e+13
6.590937974238786719e+13
1.088994296052090375e+15
-1.238129172366876800e+17
1.088994296052090375e+15
-1.495027921684720320e+17
1.725973521122548750e+15
-1.139310143757428800e+17
1.439864652717037750e+15
-1.590146486054108800e+17
-1.768239363968691520e+17
-1.768239363968691520e+17
-1.768239363968691520e+17
-1.486651416268586240e+17
-1.801864062137896320e+17
-1.801864062137896320e+17
-2.455301008469950800e+16
-2.455301008469950800e+16
1.101339269027488125e+15
8.726533823738290000e+14
8.726533823738290000e+14
-1.229790792945942880e+17
-9.723855659467582400e+16
-8.928220338349518400e+16
1.012218447001128875e+15
1.872827005165698500e+15
2.272016827767685500e+15
1.872827005165698500e+15
2.635378307056299000e+15
1.928819327636860750e+15
1.928819327636860750e+15
6.590937974238786719e+13
6.590937974238786719e+13
6.590937974238786719e+13
1.088994296052090375e+15
-1.583034866596395200e+17
1.088994296052090375e+15
-1.495027921684720320e+17
1.725973521122548750e+15
-1.495027921684720320e+17
1.439864652717037750e+15
-2.149376154058923200e+17
-2.149376154058923200e+17
-2.149376154058923200e+17
-2.107716028616923200e+17
-2.107716028616923200e+17
-3.091870005307736320e+17
-3.091870005307736320e+17
-1.801864062137896320e+17
-1.801864062137896320e+17
1.101339269027488125e+15
8.726533823738290000e+14
-1.229790792945942880e+17
-1.754989459283679680e+17
-1.506128379944231360e+17
-9.723855659467582400e+16
2.051214425082419250e+15
2.051214425082419250e+15
2.272016827767685500e+15
1.872827005165698500e+15
2.635378307056299000e+15
1.928819327636860750e+15
1.928819327636860750e+15
6.590937974238786719e+13
6.590937974238786719e+13
6.590937974238786719e+13
1.088994296052090375e+15
-2.443320101370293120e+17
1.039602069269700250e+15
-2.332522034582519680e+17
1.039602069269700250e+15
-2.254106393953665600e+17
1.439864652717037750e+15
-2.254106393953665600e+17
-2.877420813803105920e+17
-2.877420813803105920e+17
-2.877420813803105920e+17
-3.091870005307736320e+17
-4.726482802185890560e+17
-5.005893456532627200e+17
-4.073203032137970560e+17
-2.315830343059200000e+17
1.101339269027488125e+15
8.726533823738290000e+14
-1.900339209222005120e+17
-2.399236358743187520e+17
-2.217778861752151040e+17
-1.506128379944231360e+17
2.051214425082419250e+15
2.051214425082419250e+15
2.051900692996030000e+15
-2.143332623143226240e+17
-2.143332623143226240e+17
1.928819327636860750e+15
1.928819327636860750e+15
6.590937974238786719e+13
6.590937974238786719e+13
6.590937974238786719e+13
1.088994296052090375e+15
-2.623677925048779200e+17
1.039602069269700250e+15
-2.623677925048779200e+17
1.039602069269700250e+15
-3.039567868009299840e+17
1.253328362002586500e+15
-3.352317649345503360e+17
-4.236295386754579840e+17
-4.563126368984876800e+17
-4.726482802185890560e+17
-5.005893456532627200e+17
-6.068681494688526080e+17
-6.068681494688526080e+17
-5.624601396458020480e+17
-4.124019339597957760e+17
1.101339269027488125e+15
8.726533823738290000e+14
-2.521713501835280320e+17
-2.649408860182256960e+17
-2.627013575844565440e+17
-2.217778861752151040e+17
2.051214425082419250e+15
2.051900692996030000e+15
2.051900692996030000e+15
-2.166332129747994560e+17
-2.166332129747994560e+17
1.928819327636860750e+15
1.928819327636860750e+15
5.833052995133328750e+14
5.833052995133328750e+14
5.833052995133328750e+14
1.088994296052090375e+15
-3.549834226677730560e+17
1.039602069269700250e+15
-3.549834226677730560e+17
1.039602069269700250e+15
-3.725277347925871360e+17
1.253328362002586500e+15
-4.563126368984876800e+17
-5.565603063535848960e+17
-6.278857453632061440e+17
-6.278857453632061440e+17
-6.115043134704372480e+17
-7.217040787339179520e+17
-7.217040787339179520e+17
-7.217040787339179520e+17
-5.692416776933025920e+17
1.101339269027488125e+15
8.726533823738290000e+14
-3.067757182264684160e+17
-3.174325506290789120e+17
-3.067757182264684160e+17
-2.627013575844565440e+17
2.051214425082419250e+15
2.051900692996030000e+15
2.051900692996030000e+15
-2.557172359401047360e+17
-2.557172359401047360e+17
1.955959803239961500e+15
1.955959803239961500e+15
5.833052995133328750e+14
5.833052995133328750e+14
5.833052995133328750e+14
1.561726733798320750e+15
-3.783660768350938880e+17
1.039602069269700250e+15
-3.982716215509056000e+17
1.039602069269700250e+15
-3.982716215509056000e+17
1.253328362002586500e+15
-5.454349540619135360e+17
-6.278857453632061440e+17
-6.278857453632061440e+17
-6.278857453632061440e+17
-7.380831314898292480e+17
-7.690362720252378880e+17
-8.771074872726456320e+17
-7.698641294190644480e+17
-7.217040787339179520e+17
1.101339269027488125e+15
8.726533823738290000e+14
-3.174325506290789120e+17
-3.405987650167828480e+17
-3.337099209820059520e+17
-2.649408860182256960e+17
2.051214425082419250e+15
2.051900692996030000e+15
2.051900692996030000e+15
-2.936863912624189440e+17
-2.936863912624189440e+17
1.955959803239961500e+15
1.955959803239961500e+15
5.833052995133328750e+14
5.833052995133328750e+14
5.833052995133328750e+14
1.561726733798320750e+15
-4.346372610584074880e+17
1.039602069269700250e+15
-4.346372610584074880e+17
1.039602069269700250e+15
-4.575522737296941440e+17
-4.575522737296941440e+17
-6.652860757884977920e+17
-6.652860757884977920e+17
-6.652860757884977920e+17
-7.599611825039059200e+17
-7.690362720252378880e+17
-8.771074872726456320e+17
-9.464130054497744640e+17
-9.464130054497744640e+17
-7.698641294190644480e+17
