2.011797752808988750e+14
1.876029962546816562e+14
1.624843945068664375e+14
1.376111111111111094e+14
1.257128589263420625e+14
1.010530586766541875e+14
0.000000000000000000e+00
5.133021223470661120e+17
4.800436953807740160e+17
0.000000000000000000e+00
2.782671660424469504e+18
9.269625468164794368e+18
1.084481897627964928e+18
1.497627965043695360e+17
0.000000000000000000e+00
1.695684238451935150e+20
0.000000000000000000e+00
1.299712858926342240e+17
0.000000000000000000e+00
8.160986267166043200e+16
5.121020599250935808e+19
0.000000000000000000e+00
1.310199750312109760e+17
1.393689138576779200e+17
0.000000000000000000e+00
0.000000000000000000e+00
4.010362047440699520e+17
0.000000000000000000e+00
0.000000000000000000e+00
7.403870162297128960e+17
1.977018102372034970e+19
1.195318352059924992e+18
4.072995630461922509e+19
2.125780274656679168e+18
0.000000000000000000e+00
0.000000000000000000e+00
3.003245942571785216e+18
0.000000000000000000e+00
3.875093632958801408e+18
0.000000000000000000e+00
0.000000000000000000e+00
-3.368907615480648909e+19
-3.077540574282147021e+19
0.000000000000000000e+00
0.000000000000000000e+00
1.972221598002496799e+20
2.802527465667914957e+20
2.926024344569288786e+20
2.011797752808988750e+14
1.876029962546816562e+14
2.085805243445692826e+19
1.376111111111111094e+14
1.257128589263420625e+14
1.010530586766541875e+14
8.393445692883895312e+13
5.133021223470661120e+17
4.800436953807740160e+17
1.438208489388264704e+18
2.782671660424469504e+18
1.012371410736579379e+19
1.084481897627964928e+18
1.497627965043695360e+17
1.294219725343320800e+17
1.695684238451935150e+20
8.442134831460673600e+16
1.299712858926342240e+17
0.000000000000000000e+00
8.160986267166043200e+16
5.121020599250935808e+19
0.000000000000000000e+00
1.310199750312109760e+17
2.804993757802746560e+17
0.000000000000000000e+00
1.987284644194756480e+17
4.010362047440699520e+17
0.000000000000000000e+00
0.000000000000000000e+00
7.403870162297128960e+17
2.564800463358301798e+19
1.195318352059924992e+18
3.520058676654181990e+19
2.125780274656679168e+18
0.000000000000000000e+00
0.000000000000000000e+00
3.003245942571785216e+18
0.000000000000000000e+00
3.875093632958801408e+18
0.000000000000000000e+00
0.000000000000000000e+00
-3.368907615480648909e+19
-3.077540574282147021e+19
0.000000000000000000e+00
0.000000000000000000e+00
1.972221598002496799e+20
3.305129837702871122e+20
2.926024344569288786e+20
1.044325189442571796e+20
1.876029962546816562e+14
1.370236534136079974e+20
1.376111111111111094e+14
1.257128589263420625e+14
1.010530586766541875e+14
8.800249687890137500e+13
3.099775280898876621e+19
4.800436953807740160e+17
1.438208489388264704e+18
2.782671660424469504e+18
2.373495073196004966e+19
1.084481897627964928e+18
1.497627965043695360e+17
1.294219725343320800e+17
1.695684238451935150e+20
8.442134831460673600e+16
1.299712858926342240e+17
2.751662297128589722e+19
8.160986267166043200e+16
5.121020599250935808e+19
0.000000000000000000e+00
1.310199750312109760e+17
3.391170411985018880e+19
0.000000000000000000e+00
1.987284644194756480e+17
4.010362047440699520e+17
3.909488139825218560e+17
0.000000000000000000e+00
7.403870162297128960e+17
4.354013178277153178e+19
1.195318352059924992e+18
1.021326279650437038e+20
2.125780274656679168e+18
0.000000000000000000e+00
0.000000000000000000e+00
3.003245942571785216e+18
0.000000000000000000e+00
3.875093632958801408e+18
0.000000000000000000e+00
0.000000000000000000e+00
-3.368907615480648909e+19
-3.077540574282147021e+19
0.000000000000000000e+00
0.000000000000000000e+00
1.972221598002496799e+20
3.888895620674157937e+20
2.926024344569288786e+20
2.702122305863295631e+20
1.876029962546816562e+14
1.221273348091135918e+20
1.376111111111111094e+14
1.257128589263420625e+14
1.010530586766541875e+14
8.800249687890137500e+13
6.931372735948813107e+19
4.800436953807740160e+17
1.438208489388264704e+18
2.782671660424469504e+18
5.509325842696629453e+19
1.084481897627964928e+18
1.497627965043695360e+17
1.294219725343320800e+17
1.695684238451935150e+20
8.442134831460673600e+16
1.299712858926342240e+17
1.214382646691635456e+18
8.160986267166043200e+16
5.121020599250935808e+19
1.378133583021223520e+17
1.310199750312109760e+17
1.552782771535580570e+19
1.865780274656679040e+17
1.987284644194756480e+17
4.010362047440699520e+17
3.909488139825218560e+17
3.155860174781522739e+19
7.403870162297128960e+17
8.843533083645444096e+19
1.195318352059924992e+18
4.132771535580524544e+19
2.125780274656679168e+18
0.000000000000000000e+00
0.000000000000000000e+00
3.003245942571785216e+18
2.888938826466916352e+18
3.875093632958801408e+18
0.000000000000000000e+00
0.000000000000000000e+00
-3.368907615480648909e+19
-3.077540574282147021e+19
0.000000000000000000e+00
0.000000000000000000e+00
1.972221598002496799e+20
3.497518102372034806e+20
2.926024344569288786e+20
3.437983715169163018e+20
1.876029962546816562e+14
2.265823870755305882e+20
2.473882570649188762e+20
1.257128589263420625e+14
1.010530586766541875e+14
8.800249687890137500e+13
1.011220259063670538e+20
4.800436953807740160e+17
1.438208489388264704e+18
2.782671660424469504e+18
6.260093632958802330e+19
1.084481897627964928e+18
1.497627965043695360e+17
1.296622971285892640e+17
1.695684238451935150e+20
8.442134831460673600e+16
1.299712858926342240e+17
1.587476923220973824e+18
8.160986267166043200e+16
5.121020599250935808e+19
1.378133583021223520e+17
1.310199750312109760e+17
1.341847690387016192e+18
1.865780274656679040e+17
1.987284644194756480e+17
4.010362047440699520e+17
3.909488139825218560e+17
6.249778401997502874e+19
7.403870162297128960e+17
1.107123595505617961e+20
1.195318352059924992e+18
9.723046192259674931e+19
2.125780274656679168e+18
1.413952559300873748e+20
0.000000000000000000e+00
3.003245942571785216e+18
2.888938826466916352e+18
3.875093632958801408e+18
0.000000000000000000e+00
0.000000000000000000e+00
-3.368907615480648909e+19
-3.077540574282147021e+19
0.000000000000000000e+00
0.000000000000000000e+00
1.972221598002496799e+20
5.219834967740324250e+20
2.926024344569288786e+20
4.066348314606741094e+20
3.848926342072409129e+20
2.785761548064919388e+20
3.689182194382022246e+20
1.257128589263420625e+14
1.010530586766541875e+14
8.800249687890137500e+13
1.373476903870162371e+20
4.800436953807740160e+17
1.438208489388264704e+18
2.782671660424469504e+18
1.333518102372035133e+20
1.084481897627964928e+18
1.781398252184768960e+17
1.296622971285892640e+17
1.695684238451935150e+20
8.442134831460673600e+16
1.299712858926342240e+17
4.914868913857677722e+19
8.305305867665419200e+16
5.121020599250935808e+19
1.378133583021223520e+17
1.310199750312109760e+17
9.372659176029961600e+16
1.865780274656679040e+17
1.987284644194756480e+17
4.010362047440699520e+17
3.909488139825218560e+17
1.547135455680399606e+20
7.403870162297128960e+17
6.368028375405742490e+19
0.000000000000000000e+00
2.369480024968789033e+20
2.125780274656679168e+18
2.869389884762796196e+20
2.392453183520599040e+18
3.003245942571785216e+18
2.888938826466916352e+18
3.875093632958801408e+18
0.000000000000000000e+00
0.000000000000000000e+00
-3.368907615480648909e+19
-3.077540574282147021e+19
0.000000000000000000e+00
0.000000000000000000e+00
1.972221598002496799e+20
8.808195707621723341e+20
2.926024344569288786e+20
3.804538077403245445e+20
3.020655430711610573e+20
3.020655430711610573e+20
2.420817673980648817e+20
1.257128589263420625e+14
1.010530586766541875e+14
8.800249687890137500e+13
1.256154711435705549e+20
4.800436953807740160e+17
1.438208489388264704e+18
2.782671660424469504e+18
2.132960674157303235e+20
1.084481897627964928e+18
1.781398252184768960e+17
1.296622971285892640e+17
1.695684238451935150e+20
8.442134831460673600e+16
1.299712858926342240e+17
6.201490363358303027e+19
8.305305867665419200e+16
5.121020599250935808e+19
1.378133583021223520e+17
1.310199750312109760e+17
9.372659176029961600e+16
1.865780274656679040e+17
1.987284644194756480e+17
4.010362047440699520e+17
3.909488139825218560e+17
9.025922016916355482e+19
7.403870162297128960e+17
1.322685393258426860e+20
0.000000000000000000e+00
1.809076779026217042e+20
2.125780274656679168e+18
1.148386029513108521e+20
2.392453183520599040e+18
3.003245942571785216e+18
2.888938826466916352e+18
3.875093632958801408e+18
0.000000000000000000e+00
-2.367484394506866278e+19
-3.368907615480648909e+19
-3.077540574282147021e+19
0.000000000000000000e+00
0.000000000000000000e+00
1.972221598002496799e+20
6.160767790262173041e+20
2.926024344569288786e+20
2.842559239687265649e+20
2.724875078302122967e+20
2.724875078302122967e+20
7.822246972509363896e+20
1.343951310861422969e+14
1.132821473158551719e+14
8.800249687890137500e+13
1.945018555255930225e+20
4.800436953807740160e+17
1.438208489388264704e+18
1.169775280898876416e+18
2.178252103664169779e+20
1.084481897627964928e+18
1.781398252184768960e+17
1.296622971285892640e+17
1.695684238451935150e+20
8.442134831460673600e+16
1.299712858926342240e+17
8.548632958801497293e+19
8.305305867665419200e+16
5.121020599250935808e+19
1.378133583021223520e+17
1.310199750312109760e+17
9.372659176029961600e+16
1.865780274656679040e+17
1.987284644194756480e+17
4.010362047440699520e+17
3.909488139825218560e+17
1.404436486641697751e+20
7.227528089887640320e+17
7.156148564294633062e+19
8.151212858926342144e+19
1.130343320848938598e+20
2.125780274656679168e+18
9.540460362234704691e+19
2.392453183520599040e+18
3.003245942571785216e+18
2.888938826466916352e+18
3.875093632958801408e+18
3.965106117353308672e+18
-2.367484394506866278e+19
-3.368907615480648909e+19
-3.077540574282147021e+19
1.474963171036204728e+20
0.000000000000000000e+00
1.972221598002496799e+20
7.166916035187266028e+20
2.926024344569288786e+20
2.498501823722222060e+20
2.500686612941323633e+20
2.851878834494381752e+20
6.500336839787766088e+20
1.343951310861422969e+14
1.132821473158551719e+14
8.800249687890137500e+13
5.355624114931335823e+20
5.133021223470661120e+17
1.438208489388264704e+18
1.169775280898876416e+18
1.231897567413857812e+20
2.132521847690386880e+17
1.781398252184768960e+17
1.296622971285892640e+17
4.631477289513108275e+19
8.442134831460673600e+16
1.299712858926342240e+17
5.328957553058675917e+19
8.305305867665419200e+16
6.522846441947565600e+16
1.378133583021223520e+17
6.619852808988763750e+19
9.372659176029961600e+16
1.865780274656679040e+17
1.987284644194756480e+17
4.010362047440699520e+17
3.909488139825218560e+17
8.435602810486890496e+19
7.227528089887640320e+17
8.922461885518102528e+19
8.151212858926342144e+19
1.589979627790262272e+20
2.125780274656679168e+18
1.232371139538077286e+20
2.392453183520599040e+18
3.003245942571785216e+18
2.888938826466916352e+18
3.875093632958801408e+18
3.965106117353308672e+18
-2.367484394506866278e+19
-3.368907615480648909e+19
-3.077540574282147021e+19
1.474963171036204728e+20
0.000000000000000000e+00
1.972221598002496799e+20
8.101672489044943831e+20
2.926024344569288786e+20
2.088589212675405578e+20
5.484306896004994171e+20
5.484306896004994171e+20
5.106828700973783450e+20
6.544662667009989018e+20
1.132821473158551719e+14
8.800249687890137500e+13
5.160474248189763256e+20
1.647371802671660728e+20
4.420411985018727040e+17
1.169775280898876416e+18
1.055680187253433303e+20
2.132521847690386880e+17
1.781398252184768960e+17
1.296622971285892640e+17
3.273612999188514816e+19
8.442134831460673600e+16
1.664600499375780480e+17
2.682428214731585536e+19
8.305305867665419200e+16
6.522846441947565600e+16
1.378133583021223520e+17
6.619852808988763750e+19
9.372659176029961600e+16
1.865780274656679040e+17
1.987284644194756480e+17
4.010362047440699520e+17
3.909488139825218560e+17
3.756934029213483827e+19
7.227528089887640320e+17
5.823069209925093786e+19
8.151212858926342144e+19
8.324787765293383680e+19
2.062721598002496768e+18
1.906595505617977344e+20
2.392453183520599040e+18
3.003245942571785216e+18
2.888938826466916352e+18
3.875093632958801408e+18
3.965106117353308672e+18
-2.367484394506866278e+19
-3.368907615480648909e+19
-3.077540574282147021e+19
1.474963171036204728e+20
0.000000000000000000e+00
1.972221598002496799e+20
4.940174657958801572e+20
2.926024344569288786e+20
4.420355690337078477e+20
4.277808862253432177e+20
5.484306896004994171e+20
5.106828700973783450e+20
5.106828700973783450e+20
1.132821473158551719e+14
1.010530586766541875e+14
5.140692639232209060e+20
1.647371802671660728e+20
4.420411985018727040e+17
1.169775280898876416e+18
1.858855040599251354e+20
2.132521847690386880e+17
1.781398252184768960e+17
1.296622971285892640e+17
4.280723005680399974e+19
1.027983770287140960e+17
1.664600499375780480e+17
4.830005343945068544e+18
8.305305867665419200e+16
6.522846441947565600e+16
1.827294288701623091e+19
6.619852808988763750e+19
9.372659176029961600e+16
1.865780274656679040e+17
1.987284644194756480e+17
3.080117755680399770e+19
3.909488139825218560e+17
1.367440699126092186e+19
7.227528089887640320e+17
8.085377303558053888e+19
8.151212858926342144e+19
8.324787765293383680e+19
2.062721598002496768e+18
1.906595505617977344e+20
2.392453183520599040e+18
3.003245942571785216e+18
2.888938826466916352e+18
3.875093632958801408e+18
3.965106117353308672e+18
-2.367484394506866278e+19
-3.368907615480648909e+19
-3.077540574282147021e+19
1.474963171036204728e+20
2.425437578027466097e+20
1.972221598002496799e+20
4.940174657958801572e+20
2.926024344569288786e+20
3.739531768764045066e+20
4.420355690337078477e+20
4.277808862253432177e+20
5.444232069038701281e+20
5.444232069038701281e+20
1.132821473158551719e+14
1.010530586766541875e+14
4.029094819337702605e+20
1.289512990593008927e+20
4.420411985018727040e+17
1.169775280898876416e+18
1.373253141772784271e+20
7.891478204119849370e+19
2.127902621722846080e+17
1.497627965043695360e+17
4.280723005680399974e+19
1.027983770287140960e+17
1.664600499375780480e+17
1.128643697690387046e+19
8.305305867665419200e+16
6.522846441947565600e+16
1.238456912359550566e+19
6.619852808988763750e+19
9.372659176029961600e+16
1.819413233458177280e+17
1.911416978776529600e+17
2.778700873470661837e+19
4.026466916354557440e+17
7.051662545817726157e+19
7.227528089887640320e+17
7.698026841448190771e+19
8.151212858926342144e+19
1.022996254681647872e+18
2.062721598002496768e+18
1.799328963795255624e+20
2.392453183520599040e+18
3.003245942571785216e+18
2.888938826466916352e+18
3.875093632958801408e+18
3.965106117353308672e+18
-2.367484394506866278e+19
-3.368907615480648909e+19
-3.077540574282147021e+19
1.474963171036204728e+20
2.425437578027466097e+20
1.972221598002496799e+20
5.177209737827714990e+20
2.926024344569288786e+20
3.739531768764045066e+20
4.420355690337078477e+20
3.457215836235954913e+20
4.812896222840200233e+20
4.812896222840200233e+20
1.257128589263420625e+14
1.010530586766541875e+14
4.029094819337702605e+20
1.289512990593008927e+20
4.420411985018727040e+17
1.169775280898876416e+18
1.373253141772784271e+20
7.891478204119849370e+19
2.127902621722846080e+17
1.497627965043695360e+17
6.631378019662920909e+19
1.027983770287140960e+17
1.664600499375780480e+17
8.651186017478152000e+16
9.976217228464420800e+16
6.522846441947565600e+16
1.238456912359550566e+19
6.619852808988763750e+19
9.372659176029961600e+16
1.819413233458177280e+17
1.911416978776529600e+17
2.778700873470661837e+19
4.026466916354557440e+17
2.713686193071160525e+19
7.227528089887640320e+17
7.698026841448190771e+19
8.151212858926342144e+19
1.022996254681647872e+18
2.062721598002496768e+18
1.396838760930087567e+20
2.392453183520599040e+18
3.003245942571785216e+18
2.888938826466916352e+18
3.875093632958801408e+18
3.965106117353308672e+18
-2.367484394506866278e+19
-3.368907615480648909e+19
-3.077540574282147021e+19
1.474963171036204728e+20
2.425437578027466097e+20
1.972221598002496799e+20
5.177209737827714990e+20
2.926024344569288786e+20
2.632846310998751314e+20
3.739531768764045066e+20
3.457215836235954913e+20
3.457215836235954913e+20
4.812896222840200233e+20
1.257128589263420625e+14
1.010530586766541875e+14
3.292140879151061402e+20
1.555624034606741586e+20
4.420411985018727040e+17
1.438208489388264704e+18
3.759176029962546560e+17
7.828088818476903629e+19
2.127902621722846080e+17
1.497627965043695360e+17
6.656553858320848486e+19
1.027983770287140960e+17
1.664600499375780480e+17
8.651186017478152000e+16
9.976217228464420800e+16
6.522846441947565600e+16
2.373975624157303603e+19
6.619852808988763750e+19
1.142627965043695360e+17
1.819413233458177280e+17
1.911416978776529600e+17
5.918686375093633843e+19
4.026466916354557440e+17
3.768102372034956160e+17
7.227528089887640320e+17
7.698026841448190771e+19
8.151212858926342144e+19
1.022996254681647872e+18
2.062721598002496768e+18
8.126776472159802163e+19
2.392453183520599040e+18
1.976683083888888709e+20
2.888938826466916352e+18
3.875093632958801408e+18
3.965106117353308672e+18
-2.367484394506866278e+19
-3.368907615480648909e+19
-3.077540574282147021e+19
1.474963171036204728e+20
2.425437578027466097e+20
1.972221598002496799e+20
6.319406893002497720e+20
2.926024344569288786e+20
2.632846310998751314e+20
2.632846310998751314e+20
3.457215836235954913e+20
3.457215836235954913e+20
4.330081007671660380e+20
3.113676457771535565e+20
1.132821473158551719e+14
3.292140879151061402e+20
1.555624034606741586e+20
4.800436953807740160e+17
1.438208489388264704e+18
2.782671660424469504e+18
7.828088818476903629e+19
2.127902621722846080e+17
1.497627965043695360e+17
6.656553858320848486e+19
1.695684238451935150e+20
9.678214731585518400e+16
8.651186017478152000e+16
9.976217228464420800e+16
8.160986267166043200e+16
1.748426966292134912e+19
1.286117353308364640e+17
1.142627965043695360e+17
1.819413233458177280e+17
1.911416978776529600e+17
5.918686375093633843e+19
4.026466916354557440e+17
3.768102372034956160e+17
7.227528089887640320e+17
7.698026841448190771e+19
8.151212858926342144e+19
1.022996254681647872e+18
2.062721598002496768e+18
8.126776472159802163e+19
2.392453183520599040e+18
1.555779410767790408e+20
2.888938826466916352e+18
3.875093632958801408e+18
3.965106117353308672e+18
-2.367484394506866278e+19
2.455999737091135898e+20
-3.077540574282147021e+19
1.474963171036204728e+20
2.425437578027466097e+20
1.972221598002496799e+20
6.319406893002497720e+20
2.926024344569288786e+20
2.632846310998751314e+20
2.632846310998751314e+20
1.721466673882646446e+20
3.457215836235954913e+20
4.330081007671660380e+20
3.113676457771535565e+20
1.132821473158551719e+14
3.574138371953807852e+20
3.292140879151061402e+20
1.267765171716604232e+20
4.420411985018727040e+17
2.782671660424469504e+18
1.000130387471910011e+20
1.084481897627964928e+18
1.781398252184768960e+17
1.294219725343320800e+17
3.268618507927590502e+19
9.678214731585518400e+16
1.299712858926342240e+17
1.540855056179775283e+19
8.160986267166043200e+16
2.014136975842696806e+19
1.286117353308364640e+17
1.142627965043695360e+17
9.095562374094880768e+18
1.760430711610486720e+17
1.456814584456928870e+19
4.026466916354557440e+17
3.768102372034956160e+17
7.107740324594256640e+17
7.698026841448190771e+19
1.276435705368289792e+18
1.022996254681647872e+18
2.062721598002496768e+18
2.117652933832709120e+18
8.868456304619226726e+19
1.555779410767790408e+20
2.818988764044943872e+18
9.315649188514357248e+19
3.965106117353308672e+18
-2.367484394506866278e+19
2.455999737091135898e+20
1.531938202247191265e+20
1.474963171036204728e+20
2.425437578027466097e+20
1.972221598002496799e+20
5.976360619631710044e+20
2.926024344569288786e+20
