-6.405867251497005696e+31
-7.114708035928142252e+31
-7.685905664670657924e+31
-7.988217209580839827e+31
-8.529459646706586870e+31
-1.172875808383233293e+32
-1.665854682634730200e+32
-1.933890862275449152e+32
-2.445186706586826322e+31
-5.114053682634730598e+31
-6.015392191616765847e+31
-7.123014664670658816e+31
-7.467009467065867834e+31
-8.191752335329338702e+31
-1.304611035928143640e+32
-1.596038323353293026e+32
-1.904109999999999712e+31
-4.165361982035928048e+31
-3.109392838323352705e+31
-5.537361095808381915e+31
-5.632133790419160614e+31
-6.588187407185628275e+31
-9.571106347305388136e+31
-1.222826407185628744e+32
-7.946293413173652531e+30
-1.586434431137724396e+31
-1.650172934131736307e+31
-1.751514850299401227e+31
-1.986795688622754081e+31
-2.683718143712574051e+31
-3.708636526946107649e+31
-4.596876646706586855e+31
-4.034744910179640474e+31
-1.510624251497005631e+30
-1.209985628742514831e+30
-1.103290958083832266e+30
-1.418876826347305149e+30
-2.818017904191616662e+30
-4.436108982035928266e+30
-5.750834670658682757e+30
-6.348802395209580173e+28
-4.798083832335329151e+28
-2.454862275449101915e+29
-2.910155688622754154e+29
-5.456155688622754051e+29
-7.980598802395209019e+29
-1.020023952095808290e+30
-1.110694011976047824e+30
-3.067245508982035216e+28
1.030443113772454865e+29
-7.531245508982035597e+28
-5.106910179640717350e+28
-1.479419161676646684e+29
-2.227029940119760184e+29
-2.441718562874251352e+29
-2.518922155688622728e+29
-6.839640718562873245e+27
-1.271193413173652691e+28
-1.623353293413173607e+28
-2.004706586826347293e+28
-3.441197604790418673e+28
-4.761059880239521237e+28
-5.644982035928143337e+28
-6.096079281437126023e+28
