-1.741970119760478672e+32
-8.203119999999998091e+31
-1.644342532934131360e+32
-1.462120233532933986e+32
-1.602599491017963834e+32
-7.403592814371256960e+28
-1.676383892215568793e+32
-1.879153712574850336e+32
-1.289017964071856221e+29
-9.481137724550897988e+28
-2.168802395209580651e+28
-7.783594664670657999e+31
-2.808328802395209272e+32
-2.184765203592814108e+32
-1.596247453892215501e+32
-2.831777844311376900e+31
-1.842850754491017832e+32
-5.499989221556884922e+31
-1.644342532934131360e+32
-1.462120233532933986e+32
-1.152994011976047665e+29
-1.866398622754490717e+32
-1.888320778443113169e+32
-1.879153712574850336e+32
-1.289017964071856221e+29
-2.631389089820359103e+32
-2.168802395209580651e+28
-2.702786155688622395e+32
-2.808328802395209272e+32
-2.184765203592814108e+32
-1.754563364670658494e+32
-2.469018982035927977e+31
-1.842850754491017832e+32
-5.499989221556884922e+31
-1.437350760479041706e+32
-1.442309239520957859e+32
-1.152994011976047665e+29
-1.866398622754490717e+32
-1.835207305389221463e+32
-1.795988443113772498e+32
-2.095379437125748025e+32
-1.407595273652694315e+32
-7.689724550898202048e+28
-3.425152694610778393e+31
-3.701811377245508202e+31
-2.571658259880239179e+32
-1.856637245508981644e+30
-2.013037485029939984e+31
-1.768820904191616587e+32
-1.310324251497005906e+32
-1.076781119760478900e+32
-1.054587071856287313e+32
-1.152994011976047665e+29
-1.367387784431137489e+32
-1.192610119760478849e+32
-1.102289221556886289e+32
-7.393753293413173505e+31
-4.659859281437125459e+31
-2.749526946107784688e+31
-5.378700598802395468e+28
-4.301465868263472871e+31
-1.340650898203592671e+31
-9.967321556886224770e+30
-8.615639520958083962e+30
-1.082514970059880065e+29
-6.243742514970059547e+30
-5.474414970059879317e+31
-8.254089880239519989e+31
-1.152994011976047665e+29
-1.181955089820359414e+32
-9.465701197604789528e+31
-7.437407185628741072e+31
-9.286053892215568864e+30
-1.137354491017963916e+29
-9.147358323353291506e+31
-5.378700598802395468e+28
-9.967796407185628459e+29
-1.118215568862275481e+31
-1.004090419161676638e+31
-2.948647904191616708e+31
-1.537236610778442727e+32
-1.172856287425149689e+29
-1.023173652694610644e+29
-1.110566167664670677e+32
-1.066225269461077668e+32
-9.030823952095804618e+31
-5.342668862275448196e+31
-2.511287425149700477e+30
-2.237784431137724092e+29
-1.137354491017963916e+29
-8.171023952095807686e+29
-4.784730538922155475e+28
-3.345868263473053857e+28
-9.004970059880239763e+28
-8.807844311377243765e+28
-4.436167664670657541e+28
-1.181863281437125591e+32
-1.617515826347305514e+32
-1.023173652694610644e+29
-1.108269461077844321e+29
-5.427505389221556315e+30
-7.403592814371256960e+28
-1.728502994011975864e+30
-6.032395209580837569e+28
-3.826281437125747642e+29
-1.125077844311376988e+29
-6.149221556886226451e+28
-4.784730538922155475e+28
-3.345868263473053857e+28
-6.586826347305387894e+28
-4.451706586826348395e+27
-7.199999999999998556e+27
-9.141976047904190881e+28
-1.196491017964071795e+29
-1.371502994011975852e+29
0.000000000000000000e+00
-1.505473053892215613e+29
-7.403592814371256960e+28
-6.102215568862274958e+28
-6.032395209580837569e+28
-9.774850299401195722e+28
-1.125077844311376988e+29
-6.149221556886226451e+28
-5.334610778443112547e+28
-3.776856287425149413e+28
5.387664670658682419e+27
-1.139926946107784386e+28
-7.510467065868262739e+27
