-4.630447904191616902e+28
-4.163192215568861876e+28
-5.903546227544909266e+28
0.000000000000000000e+00
-7.440741437125749271e+28
-1.759602658682634257e+29
-1.686692329341317306e+29
0.000000000000000000e+00
-4.714900419161676201e+29
-4.424472155688622152e+29
0.000000000000000000e+00
-4.518674251497006526e+29
-8.054293233532933408e+29
-1.107614864670658599e+30
-6.790505928143711415e+29
0.000000000000000000e+00
0.000000000000000000e+00
-1.039060778443113783e+30
-1.164489269461077791e+30
-7.654543772455089356e+29
-8.063837005988024060e+29
-7.630600491017962696e+29
0.000000000000000000e+00
-1.005757476047903939e+30
-1.152461897005987821e+30
-4.590672610778442897e+30
-1.980571407185628469e+30
-2.720599694610777867e+30
-2.345776179640718288e+30
-2.584104142640718100e+30
-3.082172233532933825e+30
-6.371799359281436778e+30
-4.630447904191616902e+28
-4.163192215568861876e+28
-5.903546227544909266e+28
0.000000000000000000e+00
-7.440741437125749271e+28
-1.759602658682634257e+29
-1.686692329341317306e+29
-2.501524191616766368e+29
-4.714900419161676201e+29
-4.601502814371257143e+29
-4.241963952095808019e+29
-4.714681796407185122e+29
-8.054293233532933408e+29
-1.188684994011975951e+30
-6.790505928143711415e+29
-8.425236638922154436e+29
-8.060871377245508207e+29
-1.039060778443113783e+30
-1.936085916167664617e+30
-7.530462215568861274e+29
-3.048417197604790261e+30
-7.630600491017962696e+29
-6.891091323353293035e+29
-1.013300862275448958e+30
-1.393239507784431279e+30
-1.989080555389221311e+30
-1.980571407185628469e+30
-2.765082293413173572e+30
-2.400477491017963632e+30
-2.772302946101795855e+30
-3.149050167664670560e+30
-4.763895173652693660e+29
-4.630447904191616902e+28
-4.163192215568861876e+28
-5.903546227544909266e+28
-9.919619940119759355e+28
-5.584644550898203384e+29
-8.917714550898203909e+29
-1.686692329341317306e+29
-2.501524191616766368e+29
-4.714900419161676201e+29
-4.601502814371257143e+29
-4.241963952095808019e+29
-4.714681796407185122e+29
-9.537770718562873919e+29
-1.188684994011975951e+30
-6.790505928143711415e+29
-8.425236638922154436e+29
-8.060871377245508207e+29
-1.202172035928143734e+30
-4.061278934131735690e+30
-7.530462215568861274e+29
-5.021856203592814113e+30
-7.595266958083833161e+29
-3.465082353293412900e+30
-1.013300862275448958e+30
-1.393239507784431279e+30
-1.989080555389221311e+30
-2.000863838323353239e+30
-2.765082293413173572e+30
-2.400477491017963632e+30
-2.772302946101795855e+30
-3.246289335329340990e+30
-4.763895173652693660e+29
-4.630447904191616902e+28
-4.163192215568861876e+28
-5.903546227544909266e+28
-9.919619940119759355e+28
-9.622556886227543685e+29
-1.315021125748502654e+30
-1.686692329341317306e+29
-2.501524191616766368e+29
-4.592443712574849816e+29
-4.601502814371257143e+29
-4.241963952095808019e+29
-4.714681796407185122e+29
-9.537770718562873919e+29
-1.188684994011975951e+30
-6.686976766467065091e+29
-8.836636467065867585e+29
-4.812944257485029349e+30
-1.202172035928143734e+30
-7.439381077844310181e+29
-7.836411616766465248e+29
-9.260569299401197247e+29
-7.595266958083833161e+29
-9.483125191616764302e+30
-1.130608337125748380e+30
-1.623937011377245277e+30
-1.964706634730538933e+30
-2.300314227544909777e+30
-1.755656634730538629e+31
-2.580909197604790427e+30
-3.082172233532933825e+30
-2.530697263473053819e+31
-5.213592017964071560e+31
-4.630447904191616902e+28
-4.163192215568861876e+28
-4.995434371257485000e+28
-9.919619940119759355e+28
-1.373811766467065519e+30
-2.145077928143712381e+30
-1.709256904191616651e+29
-2.501524191616766368e+29
-4.592443712574849816e+29
-4.601502814371257143e+29
-2.820111706586825587e+30
-4.714681796407185122e+29
-9.537770718562873919e+29
-1.057370287425149520e+30
-6.686976766467065091e+29
-8.836636467065867585e+29
-5.219892634730537690e+30
-1.109093407185628596e+30
-7.439381077844310181e+29
-7.836411616766465248e+29
-9.260569299401197247e+29
-6.172368664670659015e+29
-1.256259871257484996e+31
-1.130608337125748380e+30
-1.623937011377245277e+30
-1.980571407185628469e+30
-2.300314227544909777e+30
-3.417521658682634637e+31
-2.584104142640718100e+30
-3.149050167664670560e+30
-3.749189580838322726e+31
-5.104762904191616663e+29
-4.630447904191616902e+28
-4.050255089820358910e+28
-4.995434371257485000e+28
-9.919619940119759355e+28
-4.130422335329341190e+30
-2.125169946107784114e+30
-1.709256904191616651e+29
-2.756684107784430654e+29
-4.592443712574849816e+29
-4.712291437125747831e+29
-5.218265628742514587e+30
-4.736463293413173622e+29
-1.125579065868263565e+30
-1.057370287425149520e+30
-6.205551976047903424e+29
-7.949819611377244798e+29
-9.531313652694609172e+29
-1.109093407185628596e+30
-7.783720958083831865e+29
-8.063837005988024060e+29
-8.553985131736525758e+29
-6.172368664670659015e+29
-9.995091910179640048e+29
-1.152461897005987821e+30
-1.657959592814371292e+31
-1.980571407185628469e+30
-2.720599694610777867e+30
-6.120851850299401134e+31
-2.584104142640718100e+30
-3.749189580838322726e+31
-7.466380347305388338e+31
-4.864432586826346661e+31
-4.630447904191616902e+28
-4.050255089820358910e+28
-4.995434371257485000e+28
-9.919619940119759355e+28
-6.142387143712574009e+30
-3.203392047904191307e+30
-1.709256904191616651e+29
-2.756684107784430654e+29
-3.156025269461078025e+29
-4.712291437125747831e+29
-6.450262335329340606e+30
-1.186665071856287065e+31
-1.125579065868263565e+30
-7.949734970059879610e+29
-6.205551976047903424e+29
-7.949819611377244798e+29
-9.531313652694609172e+29
-1.164489269461077791e+30
-7.716686287425150183e+29
-2.698301131736527020e+31
-8.278510065868263307e+29
-6.891091323353293035e+29
-1.005757476047903939e+30
-1.393239507784431279e+30
-6.944412161676645537e+31
-2.000863838323353239e+30
-2.765082293413173572e+30
-2.580909197604790427e+30
-2.772302946101795855e+30
-5.585937808383233858e+31
-9.633029904191616144e+31
-7.304694544910178722e+31
-4.630447904191616902e+28
-4.050255089820358910e+28
-4.995434371257485000e+28
-9.919619940119759355e+28
-1.040370754491018075e+31
-1.050654604790419030e+31
-1.600717736526946055e+29
-2.441695976047903980e+29
-3.156025269461078025e+29
-4.416508502994011424e+29
-5.809214670658682266e+29
-1.938791820359281581e+31
-7.029861197604788960e+29
-6.883228443113772433e+29
-2.036351598802395202e+31
-7.157523173652694240e+29
-8.894799221556884201e+29
-1.357612904191616651e+31
-7.654543772455089356e+29
-2.784772323353292634e+31
-7.630600491017962696e+29
-4.226533335329340136e+31
-1.013300862275448958e+30
-4.673911808383233875e+31
-1.964706634730538933e+30
-2.720599694610777867e+30
-3.259791359281437142e+31
-2.584104142640718100e+30
-3.149050167664670560e+30
-1.222055113173652804e+32
-1.463500971257485105e+32
-1.722360064071856017e+32
