9.096997503121098240e+17
5.035487515605491712e+18
7.947228464419476480e+17
0.000000000000000000e+00
8.557303370786516480e+17
1.126838951310861568e+18
1.379385143570536960e+18
0.000000000000000000e+00
2.593188514357053952e+18
2.398185393258427392e+18
0.000000000000000000e+00
2.849832709113608192e+18
1.145419475655430758e+19
4.331598002496880128e+18
3.182097378277153280e+18
0.000000000000000000e+00
0.000000000000000000e+00
2.841697877652933632e+18
1.643179151061173862e+19
8.322553058676655104e+18
2.296460674157303808e+18
1.466660424469413376e+18
0.000000000000000000e+00
1.421367041198501888e+18
1.488851435705368064e+18
7.606017478152309760e+18
2.507141073657927680e+18
3.410137328339575296e+18
6.155318352059925504e+18
4.156833770287140864e+18
4.620318352059924480e+18
2.548372659176030208e+19
9.096997503121098240e+17
5.035487515605491712e+18
7.947228464419476480e+17
0.000000000000000000e+00
8.557303370786516480e+17
1.126838951310861568e+18
1.379385143570536960e+18
1.957200374531835136e+18
2.593188514357053952e+18
1.119672908863920128e+19
2.553700998751560704e+18
2.969094881398252032e+18
1.145419475655430758e+19
2.621796504369537843e+19
3.182097378277153280e+18
3.128638576779025920e+18
1.059667290886392218e+19
2.841697877652933632e+18
1.331187890137328435e+19
1.868544319600499456e+18
8.931136079900125184e+18
1.466660424469413376e+18
1.431423845193508096e+18
1.462041198501872896e+18
1.529132334581772800e+18
2.337217228464419328e+18
2.507141073657927680e+18
1.909855181023720243e+19
8.656379525593010176e+18
4.298652933832708608e+18
9.691329588014983168e+18
1.131137328339575424e+18
9.096997503121098240e+17
5.035487515605491712e+18
7.947228464419476480e+17
9.185986267166041600e+17
4.700006242197254144e+18
9.555000000000000000e+18
1.379385143570536960e+18
1.957200374531835136e+18
2.593188514357053952e+18
1.119672908863920128e+19
2.553700998751560704e+18
2.969094881398252032e+18
3.375387016229712896e+18
2.621796504369537843e+19
3.182097378277153280e+18
3.128638576779025920e+18
1.059667290886392218e+19
2.923489388264669184e+18
1.238960049937578189e+19
1.868544319600499456e+18
3.000980024968789197e+19
1.476877028714107392e+18
8.999563046192260096e+18
1.462041198501872896e+18
1.529132334581772800e+18
2.337217228464419328e+18
2.695667915106117120e+18
1.909855181023720243e+19
8.656379525593010176e+18
4.298652933832708608e+18
9.540380774032459776e+18
1.131137328339575424e+18
9.096997503121098240e+17
5.035487515605491712e+18
7.947228464419476480e+17
9.185986267166041600e+17
1.203915730337078682e+19
5.917409488139826176e+18
1.379385143570536960e+18
1.957200374531835136e+18
2.237672284644194816e+18
1.119672908863920128e+19
2.553700998751560704e+18
2.969094881398252032e+18
3.375387016229712896e+18
2.621796504369537843e+19
3.003106741573033472e+18
3.089275905118601728e+18
1.999303370786516992e+19
2.923489388264669184e+18
2.037926342072409600e+18
1.974488139825218560e+18
1.405174781523096064e+18
1.476877028714107392e+18
2.446835205992509850e+19
1.415686641697877760e+18
6.516685393258426368e+18
2.412821473158551552e+18
3.004800249687890432e+18
4.225667915106118042e+19
8.907890137328342016e+18
4.620318352059924480e+18
7.573913857677903462e+19
1.037677278401997537e+20
9.096997503121098240e+17
5.035487515605491712e+18
7.671922596754058240e+17
9.185986267166041600e+17
1.280390137328339558e+19
9.969906367041200128e+18
1.411712234706616576e+18
1.957200374531835136e+18
2.237672284644194816e+18
1.119672908863920128e+19
2.320305867665418240e+19
2.969094881398252032e+18
3.375387016229712896e+18
3.319219725343320064e+18
3.003106741573033472e+18
3.089275905118601728e+18
2.817895131086142669e+19
1.658720973782771712e+19
2.037926342072409600e+18
1.974488139825218560e+18
1.405174781523096064e+18
7.435446317103620096e+18
2.973077403245942374e+19
1.415686641697877760e+18
6.516685393258426368e+18
2.507141073657927680e+18
3.004800249687890432e+18
9.195930087390761779e+19
4.156833770287140864e+18
9.691329588014983168e+18
1.086526841448189788e+20
2.345761548064919040e+18
9.096997503121098240e+17
7.998782771535580160e+17
7.671922596754058240e+17
9.185986267166041600e+17
1.777679775280899277e+19
2.602317727840199475e+19
1.411712234706616576e+18
1.746431335830212352e+18
2.237672284644194816e+18
2.473630461922596864e+18
2.895762796504369971e+19
2.839705368289637888e+18
3.230480649188514816e+18
3.319219725343320064e+18
2.962698501872658944e+18
3.026986891385767424e+18
2.869051186017478656e+18
1.658720973782771712e+19
1.964737827715355904e+18
2.296460674157303808e+18
1.392784019975031296e+18
7.435446317103620096e+18
6.360218476903869440e+18
1.488851435705368064e+18
3.762540574282147430e+19
2.507141073657927680e+18
3.410137328339575296e+18
1.419063046192259727e+20
4.156833770287140864e+18
1.086526841448189788e+20
1.444444444444444426e+20
1.097523056224094781e+20
9.096997503121098240e+17
7.998782771535580160e+17
7.671922596754058240e+17
9.185986267166041600e+17
8.075873907615480218e+19
2.710160424469413478e+19
1.411712234706616576e+18
1.746431335830212352e+18
2.256987515605493248e+18
2.473630461922596864e+18
3.989252808988763750e+19
6.911803995006242816e+19
3.230480649188514816e+18
3.340043695380773376e+18
2.962698501872658944e+18
3.026986891385767424e+18
2.869051186017478656e+18
1.643179151061173862e+19
1.880536828963795200e+18
6.582271163046191923e+19
1.458264669163545344e+18
1.431423845193508096e+18
1.421367041198501888e+18
1.529132334581772800e+18
1.015057945923845161e+20
2.695667915106117120e+18
1.909855181023720243e+19
8.907890137328342016e+18
4.298652933832708608e+18
1.558632892908863816e+20
2.074800249687890330e+20
1.410205912965043487e+20
9.096997503121098240e+17
7.998782771535580160e+17
7.671922596754058240e+17
9.185986267166041600e+17
4.686615919787765760e+19
5.141820341697878426e+19
1.523572409488139776e+18
1.797189762796504320e+18
2.256987515605493248e+18
2.395920724094881280e+18
2.857445692883895296e+18
6.530785847066166067e+19
1.113554931335830118e+19
3.441772784019975168e+18
6.271645517166042317e+19
3.274263420724094976e+18
2.830074906367041024e+18
4.057209737827714662e+19
8.322553058676655104e+18
6.002227490449437491e+19
1.466660424469413376e+18
6.181627925780275200e+19
1.462041198501872896e+18
6.854181188514356429e+19
2.412821473158551552e+18
3.410137328339575296e+18
7.983629653745318298e+19
4.156833770287140864e+18
9.691329588014983168e+18
1.780624219725343293e+20
1.733476758845193585e+20
1.789244527034956186e+20
