4.548392634207241241e+21
1.144221598002497061e+21
1.317332084893882515e+21
8.856735330836455096e+20
4.082086766541822362e+20
1.845549937578027581e+20
3.589740324594257756e+20
1.485387016229712691e+20
6.165636704119849779e+19
-2.620505617977527910e+19
6.061179775280898867e+19
1.205855805243445760e+18
7.477784019975031808e+18
1.775967540574282240e+18
5.109363295880151040e+17
3.715742821473158144e+18
2.103567415730336956e+21
1.327818352059925135e+21
8.225087390761548513e+20
8.253439450686640620e+20
4.178920099875156132e+20
4.957116104868914135e+20
1.327548064918851551e+21
1.076054931335830241e+20
3.809681647940074865e+20
1.248729712858926449e+20
5.817958801498127565e+19
1.630393320848938803e+19
1.050715980024968806e+19
7.667540574282147840e+17
6.868270911360798720e+18
1.208323345817727959e+20
3.722095505617977868e+21
1.473295255930087145e+21
9.484144818976279757e+20
1.727079900124844130e+21
5.152428214731584963e+20
6.503489388264668529e+20
2.055368913857677885e+20
1.076054931335830241e+20
6.856379525593008701e+20
4.455543071161048105e+20
5.817958801498127565e+19
3.602702765886391583e+20
1.050715980024968806e+19
1.738592323048064942e+20
1.567642322097378427e+20
2.562509300299625595e+20
2.943225967540574355e+21
1.193041198501872796e+21
9.411086142322096210e+20
1.487952559300874076e+21
7.849931335830212444e+20
7.753820224719101624e+20
2.055368913857677885e+20
5.426697877652935148e+20
8.096791510611736658e+20
4.883039671229712957e+20
9.978358302122346086e+19
5.839544319600499753e+20
1.429637952559300864e+18
2.730986174450686689e+20
3.363520599250936136e+20
1.828938826466916106e+20
6.195073033707865506e+21
1.571743445692884189e+21
1.274315230961298571e+21
1.078023096129837728e+21
7.421816479400749957e+20
1.512418851435705270e+21
1.136867041198501790e+21
5.132971285892634378e+20
1.350140449438202266e+20
1.397497503121098506e+20
9.978358302122346086e+19
6.640998751560550318e+20
1.429637952559300864e+18
2.537908701342072177e+20
2.538364544319600722e+20
2.134275905118601544e+20
4.384463171036205023e+21
1.610077403245942407e+21
6.699494382022472499e+20
1.169100499375780266e+21
1.176766541822721524e+21
1.059051810237203350e+21
1.096889873239700537e+21
3.849987515605493350e+20
1.350140449438202266e+20
4.761460674157303398e+19
7.785992509363296666e+20
4.996554307116105728e+20
6.965237203495629619e+20
4.801779026217228042e+20
3.152534332084893778e+20
7.129275905118601216e+19
2.611438202247191200e+21
1.258703495630462124e+21
1.152636079900124774e+21
1.044214107365792678e+21
1.521859550561797669e+21
1.355209113607989887e+21
4.634662921348315218e+20
7.312883895131086520e+20
1.350140449438202266e+20
4.761460674157303398e+19
8.794244694132335575e+20
8.630674157303370875e+20
6.724200998751561318e+20
4.030187154444445286e+20
2.121960049937578066e+20
9.416229712858926285e+19
1.881325842696629125e+21
1.566990012484394418e+21
1.389194756554307142e+21
9.340861423220973896e+20
6.780362047440700047e+20
1.086048689138576916e+21
1.057945068664169693e+21
1.927265293383270728e+20
8.068183520599251354e+20
8.421841448189763256e+20
8.003863920099875881e+20
7.484843823196004680e+20
5.905711610486891479e+20
3.324893882646691840e+20
2.573870098789013914e+20
1.197640449438202266e+20
2.333253433208489378e+21
1.986192883895130915e+21
1.415234082397003710e+21
3.763252184769038909e+20
1.350822721598002823e+21
1.459239700374531867e+21
7.279238451935080612e+20
1.927265293383270728e+20
7.595742821473158431e+20
6.953389513108615332e+20
1.002476279650436907e+21
5.130961298377029059e+20
5.246866246466917499e+20
3.031317047310860943e+20
2.078227215980024955e+20
2.684007490636703990e+20
2.431065543071161123e+21
1.567784644194756198e+21
1.297061757867041227e+21
6.193963795255931699e+20
9.638995006242196029e+20
6.601960049937577411e+20
6.643039950062422589e+20
9.995680399500624527e+20
6.257615480649187328e+20
6.111685393258425876e+20
1.071157927590512034e+21
4.717615480649189294e+20
4.764338264294632325e+20
2.122752711036205138e+20
2.042322060636704276e+20
1.537144194756554260e+20
2.487053682896379314e+21
1.363542446941323133e+21
1.559971285892634509e+21
1.470260299625468264e+21
1.231618601747815334e+21
1.319911360799001281e+21
1.158780898876404793e+21
9.995680399500624527e+20
8.799138576779026104e+20
6.111685393258425876e+20
8.483751453033710223e+20
6.305811485642945987e+20
3.630205992509363978e+20
3.443426966292134625e+20
2.364956304619226071e+20
1.072640449438202266e+20
2.156485018726591889e+21
1.643599875156054639e+21
1.317222846441947660e+21
1.157239076154806501e+21
1.187187265917603021e+21
1.268622347066167263e+21
9.201803995006243963e+20
8.701073657927591526e+20
7.860905118601748152e+20
5.403439450686641930e+20
7.269157303370787062e+20
4.750555555555556065e+20
3.630205992509363978e+20
2.515499283470661714e+20
2.364956304619226071e+20
1.072640449438202266e+20
2.980124843945068331e+21
1.643599875156054639e+21
1.421309612983770153e+21
1.402669163545567953e+21
4.856379525593008046e+20
1.002125468164794089e+21
1.020647293538701804e+21
9.081616729088639631e+20
7.860905118601748152e+20
8.678957435187265536e+20
1.153651685393258578e+20
4.750555555555556065e+20
4.471885094495006884e+20
3.348676654182271549e+20
1.745018678916354540e+20
1.368257779883895194e+20
3.347705992509363061e+21
9.096048689138575606e+20
1.421309612983770153e+21
1.310552434456928715e+21
2.157770287141073715e+21
9.884875156054932193e+20
8.277596754057427681e+20
8.778295880149811855e+20
3.499026217228464538e+19
7.142459425717852570e+20
1.153651685393258578e+20
4.750555555555556065e+20
3.767209650605493453e+20
2.485393258426966344e+20
1.745018678916354540e+20
1.326437563941947638e+20
3.347705992509363061e+21
6.805199750312111636e+20
1.359272159800249811e+21
9.339519350811484488e+20
1.215497503121098408e+21
9.884875156054932193e+20
8.163121098626717450e+20
8.778295880149811855e+20
3.499026217228464538e+19
5.593704142009987072e+19
1.153651685393258578e+20
6.679026108926341939e+20
3.767209650605493453e+20
2.485393258426966344e+20
1.765667902507490345e+20
1.326437563941947638e+20
3.226521223470661501e+21
8.497496878901373174e+20
1.584913857677902742e+21
7.822746566791512719e+20
7.600118601747816776e+20
2.132157303370786406e+20
8.163121098626717450e+20
8.731067415730338202e+19
7.057091136079900180e+20
1.543156054931335741e+20
7.955717852684145132e+20
6.679026108926341939e+20
3.634606741573033656e+20
2.485393258426966344e+20
1.765667902507490345e+20
1.326437563941947638e+20
