-1.659205268935235930e+33
-2.530294182217344002e+33
-2.336728869374313484e+33
-3.220577387486278849e+33
-2.873299670691547826e+33
-7.123249176728868368e+33
-8.040373216245882878e+33
-2.500182217343578562e+34
-7.846414928649834656e+33
-1.328485181119648911e+33
-1.566252469813391714e+33
-2.639229418221734724e+33
-1.831304061470910919e+33
-4.608059275521406089e+33
-7.718068057080131672e+33
-1.584766190998902313e+34
-6.340713501646541140e+33
-1.072346871569703764e+33
-1.135668496158068049e+33
-1.409852908891328156e+33
-2.043901207464324999e+33
-4.594555433589462238e+33
-4.709453347969264415e+33
-1.239890230515916450e+34
-2.230151481888035043e+33
-9.351767288693742596e+32
-9.143446761800219390e+32
-1.292851811196487630e+33
-1.155165751920965904e+33
-1.584823271130625811e+33
-2.442825466520307367e+33
-3.259666300768386634e+33
-4.021093304061470393e+33
-4.942392974753019269e+31
-1.306331503841931958e+32
-7.233699231613611009e+31
-6.894862788144894780e+31
-1.181999999999999972e+32
-1.679593852908891320e+32
-1.019339187705817601e+32
-3.479429198682766355e+32
-2.895631174533479349e+32
-9.513589462129528062e+32
-9.841888035126233272e+32
-1.247203073545554106e+33
-2.095580680570801306e+33
-2.117877058177826391e+33
-1.689488474204171459e+33
-9.219736553238198916e+32
-9.376443468715696027e+32
-2.469440175631174555e+32
-4.094274423710207586e+32
-4.280504939626783979e+32
-5.713809001097694883e+32
-8.951328210757408525e+32
-4.947969264544456297e+32
-9.525488474204170873e+31
-5.866520307354554971e+31
-1.423844127332601356e+32
-6.113238199780460648e+31
-8.089220636663009623e+31
-9.853216245883644564e+31
-1.086469813391877099e+32
-5.986010976948408239e+31
