3.259667290886392250e+21
8.580131086142322770e+20
1.440438826466916172e+21
1.038707865168539288e+21
9.782771535580524708e+20
1.657219101123595469e+20
8.780511860174781153e+20
8.583670411985019208e+20
7.553401997503122637e+19
6.448604266853933056e+19
5.610074906367041536e+19
1.769656679151060910e+20
4.137421885312109773e+20
2.551416978776528978e+20
1.772328326976903905e+20
1.164581651679151063e+20
3.143539325842696962e+21
6.598014981273409290e+20
1.440438826466916172e+21
1.038707865168539288e+21
1.840064918851435561e+20
9.741785268414481695e+20
7.639637952559301263e+20
8.583670411985019208e+20
7.553401997503122637e+19
7.376922596754058117e+20
5.610074906367041536e+19
5.776179775280899031e+20
4.137421885312109773e+20
2.551416978776528978e+20
1.959943774863295775e+20
1.477128589263420785e+20
3.143539325842696962e+21
6.598014981273409290e+20
9.699531835205991793e+20
1.194196004993757872e+21
1.840064918851435561e+20
9.741785268414481695e+20
8.167808988764046623e+20
6.149076154806492201e+20
8.700792759051185029e+20
4.365224719101123625e+20
5.079850187265917747e+19
1.218414481897627976e+20
1.658139825218476769e+20
2.674107299363296379e+20
1.613302122347066163e+20
1.775156054931335741e+20
2.748225343320849121e+21
4.591847690387016253e+20
8.578551810237205053e+20
7.670099875156054508e+20
1.840064918851435561e+20
6.520293383270912492e+20
5.947078651685394186e+20
4.885362047440699392e+20
3.274126092384519455e+20
2.335124843945068790e+20
1.709912609238451814e+20
3.904767166042446234e+19
1.326441947565543260e+20
1.819762796504369398e+20
1.758938689294631567e+20
1.518938740855180820e+20
1.911880149812734198e+20
2.862003745318352650e+20
5.975636704119850271e+20
7.266242197253432279e+20
1.840064918851435561e+20
5.938520599250936791e+20
5.425980024968788705e+20
2.730511860174781809e+20
1.494455680399500575e+20
6.473138576779027251e+19
4.281423220973782630e+19
3.904767166042446234e+19
1.545018666061173555e+20
1.850817409126092636e+20
1.712409413177278792e+20
1.724413208903245824e+20
1.702156679151061303e+21
1.826159800249688064e+20
1.819199126092384829e+20
4.061585518102372680e+20
3.856560549313358725e+20
3.652340823970037760e+20
2.984769038701623378e+20
1.986304619225967493e+20
1.172763251323345961e+20
6.473138576779027251e+19
1.474893882646691840e+20
4.285586766541822362e+19
2.943651685393258496e+19
6.026491885143570842e+19
5.652297128589263667e+19
5.428089887640449024e+19
1.287444444444444328e+21
1.258327715355805352e+21
1.819199126092384829e+20
1.746482521847690363e+20
2.413414481897627976e+20
1.657219101123595469e+20
2.365930087390761779e+20
7.979176029962546381e+19
1.125528714107365786e+20
6.618938826466916762e+19
6.190418227215980134e+19
4.285586766541822362e+19
2.943651685393258496e+19
8.114762451535582003e+19
1.014993820224718848e+19
5.570655226079899648e+19
1.918043071161048760e+20
1.798459425717852570e+20
1.739215355805243474e+20
0.000000000000000000e+00
1.803074906367041208e+20
1.657219101123595469e+20
1.545061173533083894e+20
7.979176029962546381e+19
7.823907615480650138e+19
6.618938826466916762e+19
6.190418227215980134e+19
4.802022471910112461e+19
3.190655430711610573e+19
1.877122347066167296e+19
1.023582272159800115e+19
4.755561797752809472e+18
