-3.606625748502994047e+32
-1.377470658682634840e+31
-5.145622155688622663e+32
-2.575430538922155567e+31
-1.447958083832335280e+30
-1.274940119760478837e+30
-1.525017964071856371e+30
-2.658046107784431375e+30
-3.905111976047903243e+30
-1.115832125748502986e+31
-1.008829041916167558e+31
-2.845586826347304957e+30
-1.854201017964071734e+30
-1.180625718562874015e+30
-9.791644778443112199e+29
-1.107908341317365047e+30
-6.939970059880239951e+30
-1.476972455089820232e+32
-9.435580838323353557e+30
-1.336276407185628556e+32
-1.787720155688622660e+32
-1.486700029940119628e+32
-3.369393413173653000e+32
-2.661552694610778199e+30
-1.652535329341317309e+31
-1.155280119760478708e+31
-6.551162275449102068e+30
-2.767317005988023830e+30
-1.820140239520957829e+30
-1.220549999999999885e+30
-1.054866009580838301e+30
-1.555404371257484869e+31
-2.931107784431137683e+31
-7.072552095808382911e+32
-2.958085029940119307e+31
-1.601805011976047905e+32
-7.605299401197604408e+30
-6.685281437125748020e+30
-1.651227544910179732e+30
-2.661552694610778199e+30
-1.262478802395209487e+32
-1.292938263473053850e+32
-6.551162275449102068e+30
-6.069523353293412494e+31
-1.820140239520957829e+30
-3.026841137724550528e+31
-2.689091856287425218e+31
-4.113971257485029387e+31
-1.579442586826347187e+32
-1.472628736526946061e+32
-1.932117305389221535e+32
-1.575331125748502981e+32
-3.990783952095808194e+32
-3.597474131736526766e+32
-1.651227544910179732e+30
-9.756378443113770450e+31
-2.178675628742514964e+32
-1.113134790419161498e+32
-6.396697604790419484e+30
-1.023976886227544811e+32
-1.787853808383233118e+30
-9.393980604790418744e+31
-9.164036491017963838e+31
-9.843630209580838411e+31
-7.456114371257483609e+32
-1.627855508982035921e+32
-1.315546586826347286e+32
-1.702829035928143471e+32
-1.220012937125748468e+32
-1.527568083832335314e+32
-1.803861437125748371e+32
-2.317826047904191083e+32
-4.899623353293413067e+30
-1.228710179640718562e+31
-6.396697604790419484e+30
-2.084648550898203606e+32
-1.787853808383233118e+30
-1.512827191616766170e+32
-1.537378377245508874e+32
-1.561611538922155638e+32
-6.694441317365268968e+32
-1.630559538922155374e+32
-1.648847640718562609e+32
-1.609154748502993741e+32
-1.855612341317364905e+32
-1.465637796407185612e+32
-1.854847365269461065e+32
-1.815882694610778183e+32
-4.899623353293413067e+30
-1.188768323353293390e+31
-1.981786970059879891e+32
-2.929684724550897832e+32
-3.458937293413173107e+32
-2.359945856287425015e+32
-1.978383458083832210e+32
-1.791407069461077718e+32
-1.720987425149700602e+32
-1.588531862275449006e+32
-1.705993041916167370e+32
-1.624152083832335207e+32
-1.700852095808383441e+32
-1.509652562874251315e+32
-1.869489508982036033e+32
-1.786587365269461052e+32
-4.899623353293413067e+30
-1.188768323353293390e+31
-2.711057514970059442e+32
-2.805929604790419079e+32
-3.382613766467066243e+32
-2.340457808383233362e+32
-1.879303833532933935e+32
-1.707103462275449176e+32
-1.582541317365269075e+32
-1.568816664670658462e+32
-1.709259047904191480e+32
-1.591370664670658659e+32
-1.668069191616766574e+32
-3.077306167664670159e+32
-1.633809520958083546e+32
-2.765221556886227513e+30
-2.070321041916167701e+32
-2.371668234730538692e+32
-2.817358143712574754e+32
-2.824398119760478542e+32
-3.367802317365269444e+32
-2.371527795209580420e+32
-1.697983922155688464e+32
-1.534525529341317397e+32
-1.603090574850299125e+32
-1.744878982035928208e+32
-1.708503353293413193e+32
-1.823967083832335158e+32
-1.544700676646706319e+32
-2.665628383233532889e+32
-1.698836706586826037e+32
-2.765221556886227513e+30
-2.008703520958083334e+32
-2.391919545508981493e+32
-2.888178071856287308e+32
-2.966205233532934008e+32
-3.400947694610778046e+32
-2.223353901197604570e+32
-1.679575439520957754e+32
-1.534759670059879928e+32
-1.572022784431137572e+32
-1.621108520958083829e+32
-1.685797323353293363e+32
-1.649917940119760486e+32
-1.566030197604789882e+32
-1.466961251497005866e+32
-2.522041317365269282e+32
-1.724122634730538482e+32
-2.189403826347305042e+32
-2.406245767664670698e+32
-2.967067568862274922e+32
-2.908213413173652003e+32
-2.837321970059880161e+32
-2.254057551497005505e+32
-1.763418231137724234e+32
-1.208647638323353330e+32
-1.605096616766467052e+32
-1.691623323353293577e+32
-1.646573682634730239e+32
-1.695218395209580461e+32
-1.562659838323353112e+32
-1.518949245508981936e+32
-2.022234790419161308e+32
-1.724122634730538482e+32
-2.150488209580838085e+32
-2.406245767664670698e+32
-2.842340443113772321e+32
-2.845622754491017584e+32
-2.831683724550898162e+32
-2.177709967065867994e+32
-1.708614199401197663e+32
-1.295082076047904200e+32
-1.729927101796406951e+32
-1.531826832335329264e+32
-1.613489383233532868e+32
-1.576726670658682367e+32
-1.593005407185628543e+32
-1.510775538922155870e+32
-1.816312934131736481e+32
-1.775479640718562949e+32
-2.057656335329340715e+32
-2.571099299401197121e+32
-2.889758952095807636e+32
-2.734257784431137921e+32
-2.831683724550898162e+32
-2.215596133532934178e+32
-1.708614199401197663e+32
-1.295082076047904200e+32
-1.745202952095808238e+32
-1.531826832335329264e+32
-1.786287323353293380e+32
-1.525071994011975983e+32
-1.619094419161676415e+32
-1.909427245508981868e+32
-1.692842095808382994e+32
-1.875205209580838236e+32
-2.057656335329340715e+32
-2.595151820359281493e+32
-2.168802395209580651e+28
-2.734257784431137921e+32
-2.837819473053891734e+32
-2.196344678443113209e+32
-1.612536485029939957e+32
-1.245612322754490912e+32
-1.700412934131736519e+32
-1.330742293413173488e+32
-1.786287323353293380e+32
-1.498596287425149570e+32
-1.718357251497005997e+32
-1.866398622754490717e+32
-1.743532814371257227e+32
-1.879153712574850336e+32
-1.289017964071856221e+29
-2.631389089820359103e+32
-2.168802395209580651e+28
-2.734257784431137921e+32
-2.808328802395209272e+32
-2.184765203592814108e+32
-1.612536485029939957e+32
-1.162921132335329274e+32
-1.700412934131736519e+32
-1.222339988023952169e+32
-1.747501071856287386e+32
-1.582128952095808038e+32
-1.770000203592813975e+32
-1.866398622754490717e+32
-1.676383892215568793e+32
-1.879153712574850336e+32
-1.289017964071856221e+29
-9.481137724550897988e+28
-2.168802395209580651e+28
-3.565254766467066228e+32
-2.808328802395209272e+32
-2.184765203592814108e+32
-1.596247453892215501e+32
-1.162921132335329274e+32
-1.741970119760478672e+32
-8.203119999999998091e+31
-1.644342532934131360e+32
-1.462120233532933986e+32
-1.602599491017963834e+32
-7.403592814371256960e+28
-1.676383892215568793e+32
-6.392814371257484933e+28
-2.221909425149700364e+32
-5.194491017964071910e+28
-2.716380089820359212e+32
-3.565254766467066228e+32
-2.711154736526945494e+32
-2.184765203592814108e+32
-1.596247453892215501e+32
-1.162921132335329274e+32
