3.226521223470661501e+21
8.497496878901373174e+20
1.584913857677902742e+21
7.822746566791512719e+20
7.600118601747816776e+20
2.132157303370786406e+20
8.163121098626717450e+20
8.778295880149811855e+20
3.499026217228464538e+19
5.593704142009987072e+19
1.153651685393258578e+20
1.225443196004993761e+20
3.767209650605493453e+20
2.485393258426966344e+20
1.765667902507490345e+20
9.328837740262173901e+19
3.163508114856429486e+21
6.411516853932585124e+20
1.584913857677902742e+21
7.822746566791512719e+20
2.138132334581772452e+20
9.884875156054932193e+20
6.910536828963794452e+20
8.778295880149811855e+20
3.499026217228464538e+19
7.142459425717852570e+20
1.153651685393258578e+20
5.713570536828964045e+20
3.767209650605493453e+20
2.485393258426966344e+20
1.896279605075530547e+20
1.567933832709113446e+20
3.163508114856429486e+21
6.411516853932585124e+20
6.569357053682896077e+20
1.196826466916354753e+21
2.138132334581772452e+20
9.884875156054932193e+20
1.186399500624219865e+21
5.708838951310861271e+20
9.100948813982521098e+20
6.782297128589262848e+20
1.317584269662921318e+19
1.468589263420724347e+20
2.053776529338326712e+20
2.340742755043695657e+20
1.459491260923845018e+20
2.019925093632959447e+20
2.669735955056180068e+21
2.955424469413233951e+20
8.960287141073657528e+20
5.070330836454431785e+20
2.138132334581772452e+20
7.306423220973782958e+20
5.832365792759051059e+20
4.859737827715356426e+20
3.560742821473158431e+20
3.347609238451934986e+20
2.641034769038702019e+20
6.711111111111111680e+18
9.774344569288391066e+19
2.385786516853932687e+20
1.221591623127340810e+20
1.245393172815230894e+20
1.411068664169787884e+20
2.460287141073657856e+20
4.739550561797752750e+20
6.860811485642945987e+20
2.138132334581772452e+20
7.597434456928839270e+20
8.266498127340825477e+20
1.331073657927590380e+20
2.599118601747815465e+20
8.326092384519351296e+18
7.835393258426967654e+19
6.711111111111111680e+18
1.391506805886391910e+20
1.776416660062421975e+20
1.731073582965043692e+20
1.711847665832085094e+20
1.962038077403246100e+21
1.626354556803995075e+20
2.116455680399500902e+20
5.481853932584270561e+20
5.150711610486890824e+20
5.465767790262173041e+20
4.260230961298376622e+20
1.750012484394506977e+20
1.395729418614232351e+20
8.326092384519351296e+18
1.452219101123595633e+20
4.118426966292135117e+19
2.312297752808988672e+19
5.528215355805244621e+19
5.708380774032459366e+19
5.688670411985018880e+19
1.128918851435705532e+21
1.052367041198501790e+21
2.116455680399500902e+20
1.718619850187265802e+20
1.379094881398252175e+20
2.132157303370786406e+20
3.638177278401998356e+20
8.928245942571786240e+19
1.045965667915106058e+20
4.321348314606741504e+18
1.183267166042446889e+20
4.118426966292135117e+19
2.312297752808988672e+19
1.019359516064918897e+20
1.292359550561797888e+18
5.936557847802746470e+19
1.775490012484394353e+20
1.236009363295880151e+20
1.106963795255929897e+20
0.000000000000000000e+00
1.024762172284644065e+20
2.132157303370786406e+20
1.854138576779025777e+20
8.928245942571786240e+19
6.422496878901373338e+19
4.321348314606741504e+18
1.183267166042446889e+20
7.352203495630461338e+19
2.407390761548064768e+18
5.318981897627966669e+19
2.037434456928838912e+18
2.248902621722846208e+18
