-3.573164071856286951e+26
-3.055250898203592166e+26
-2.695002395209580484e+26
-2.448148263473053774e+26
-2.226541976047903902e+26
-1.802033353293413359e+26
0.000000000000000000e+00
-1.553200089820358973e+30
-1.485963790419161554e+30
0.000000000000000000e+00
-9.620797311377246261e+29
-7.597922736526944457e+29
-6.446923952095807307e+29
-4.890275071856287446e+29
0.000000000000000000e+00
-4.853798664670658033e+29
0.000000000000000000e+00
-7.116608538922155790e+29
0.000000000000000000e+00
-2.533529455089820235e+29
-1.617928682634730067e+29
0.000000000000000000e+00
-5.129515544910179514e+29
-3.738926425149700291e+29
0.000000000000000000e+00
0.000000000000000000e+00
-1.066262934131736419e+30
0.000000000000000000e+00
0.000000000000000000e+00
-1.572107628742514832e+30
-2.683387101796407172e+30
-2.468572461077843845e+30
-3.501030718562874195e+30
-5.088704191616766581e+30
0.000000000000000000e+00
0.000000000000000000e+00
-6.649712754491017770e+30
0.000000000000000000e+00
-9.158365149700598019e+30
0.000000000000000000e+00
0.000000000000000000e+00
-6.249227544910179937e+30
-5.796862275449101463e+30
0.000000000000000000e+00
0.000000000000000000e+00
-2.074411622754490819e+31
-2.211627838323353301e+31
-2.195575934131736530e+31
-3.573164071856286951e+26
-3.055250898203592166e+26
-7.186675748502994162e+30
-2.448148263473053774e+26
-2.226541976047903902e+26
-1.802033353293413359e+26
-1.569306287425149447e+26
-1.553200089820358973e+30
-1.485963790419161554e+30
-1.208854946107784116e+30
-9.620797311377246261e+29
-4.961818329341317051e+30
-6.446923952095807307e+29
-4.890275071856287446e+29
-4.788388556886227213e+29
-4.853798664670658033e+29
-3.331254754491018252e+29
-7.116608538922155790e+29
0.000000000000000000e+00
-2.533529455089820235e+29
-1.617928682634730067e+29
0.000000000000000000e+00
-5.129515544910179514e+29
-9.159644071856285799e+29
0.000000000000000000e+00
-6.198138502994011714e+29
-1.066262934131736419e+30
0.000000000000000000e+00
0.000000000000000000e+00
-1.572107628742514832e+30
-5.243005508982034329e+30
-2.468572461077843845e+30
-4.938565568862273982e+30
-5.088704191616766581e+30
0.000000000000000000e+00
0.000000000000000000e+00
-6.649712754491017770e+30
0.000000000000000000e+00
-9.158365149700598019e+30
0.000000000000000000e+00
0.000000000000000000e+00
-6.249227544910179937e+30
-5.796862275449101463e+30
0.000000000000000000e+00
0.000000000000000000e+00
-2.074411622754490819e+31
-2.998137604790418819e+31
-2.195575934131736530e+31
-1.651855988023952136e+31
-3.055250898203592166e+26
-2.616511616766466149e+31
-2.448148263473053774e+26
-2.226541976047903902e+26
-1.802033353293413359e+26
-1.620550778443113538e+26
-1.517877077844311097e+31
-1.485963790419161554e+30
-1.208854946107784116e+30
-9.620797311377246261e+29
-7.517203323353292686e+30
-6.446923952095807307e+29
-4.890275071856287446e+29
-4.788388556886227213e+29
-4.853798664670658033e+29
-3.331254754491018252e+29
-7.116608538922155790e+29
-3.271585730538922023e+30
-2.533529455089820235e+29
-1.617928682634730067e+29
0.000000000000000000e+00
-5.129515544910179514e+29
-4.011136682634730284e+30
0.000000000000000000e+00
-6.198138502994011714e+29
-1.066262934131736419e+30
-1.287055658682634697e+30
0.000000000000000000e+00
-1.572107628742514832e+30
-6.491421796407185397e+30
-2.468572461077843845e+30
-6.665573353293412894e+30
-5.088704191616766581e+30
0.000000000000000000e+00
0.000000000000000000e+00
-6.649712754491017770e+30
0.000000000000000000e+00
-9.158365149700598019e+30
0.000000000000000000e+00
0.000000000000000000e+00
-6.249227544910179937e+30
-5.796862275449101463e+30
0.000000000000000000e+00
0.000000000000000000e+00
-2.074411622754490819e+31
-3.582746467065867762e+31
-2.195575934131736530e+31
-6.265598023952095066e+31
-3.055250898203592166e+26
-5.616679035928143718e+31
-2.448148263473053774e+26
-2.226541976047903902e+26
-1.802033353293413359e+26
-1.620550778443113538e+26
-3.454033772455089795e+31
-1.485963790419161554e+30
-1.208854946107784116e+30
-9.620797311377246261e+29
-1.731579113772454958e+31
-6.446923952095807307e+29
-4.890275071856287446e+29
-4.788388556886227213e+29
-4.853798664670658033e+29
-3.331254754491018252e+29
-7.116608538922155790e+29
-5.261940414371256801e+30
-2.533529455089820235e+29
-1.617928682634730067e+29
-4.830248083832334917e+29
-5.129515544910179514e+29
-4.219900359281437101e+30
-4.974432574850298589e+29
-6.198138502994011714e+29
-1.066262934131736419e+30
-1.287055658682634697e+30
-5.594213832335328045e+30
-1.572107628742514832e+30
-9.645549461077845039e+30
-2.468572461077843845e+30
-8.572831137724549472e+30
-5.088704191616766581e+30
0.000000000000000000e+00
0.000000000000000000e+00
-6.649712754491017770e+30
-5.956866347305389284e+30
-9.158365149700598019e+30
0.000000000000000000e+00
0.000000000000000000e+00
-6.249227544910179937e+30
-5.796862275449101463e+30
0.000000000000000000e+00
0.000000000000000000e+00
-2.074411622754490819e+31
-4.766342155688622278e+31
-2.195575934131736530e+31
-1.078252003592814256e+32
-3.055250898203592166e+26
-1.164555526347305238e+32
-6.471379149700598354e+31
-2.226541976047903902e+26
-1.802033353293413359e+26
-1.620550778443113538e+26
-5.935213844311376168e+31
-1.485963790419161554e+30
-1.208854946107784116e+30
-9.620797311377246261e+29
-2.330568910179640720e+31
-6.446923952095807307e+29
-4.890275071856287446e+29
-4.258105341317365434e+29
-4.853798664670658033e+29
-3.331254754491018252e+29
-7.116608538922155790e+29
-8.094860626970179539e+30
-2.533529455089820235e+29
-1.617928682634730067e+29
-4.830248083832334917e+29
-5.129515544910179514e+29
-5.038158473053891696e+30
-4.974432574850298589e+29
-6.198138502994011714e+29
-1.066262934131736419e+30
-1.287055658682634697e+30
-6.746936167664670254e+30
-1.572107628742514832e+30
-1.105201071856287518e+31
-2.468572461077843845e+30
-1.040038646706586890e+31
-5.088704191616766581e+30
-2.276321742514969744e+31
0.000000000000000000e+00
-6.649712754491017770e+30
-5.956866347305389284e+30
-9.158365149700598019e+30
0.000000000000000000e+00
0.000000000000000000e+00
-6.249227544910179937e+30
-5.796862275449101463e+30
0.000000000000000000e+00
0.000000000000000000e+00
-2.074411622754490819e+31
-5.475151017964072173e+31
-2.195575934131736530e+31
-2.592472311377245387e+32
-2.277412125748502685e+32
-2.276347479041915532e+32
-1.263071479041916000e+32
-2.226541976047903902e+26
-1.802033353293413359e+26
-1.620550778443113538e+26
-9.881332742514968963e+31
-1.485963790419161554e+30
-1.208854946107784116e+30
-9.620797311377246261e+29
-4.279240053892214266e+31
-6.446923952095807307e+29
-6.498470874251497457e+29
-4.258105341317365434e+29
-4.853798664670658033e+29
-3.331254754491018252e+29
-7.116608538922155790e+29
-2.171822209580837914e+31
-3.041995413173652350e+29
-1.617928682634730067e+29
-4.830248083832334917e+29
-5.129515544910179514e+29
-2.565436413173652469e+29
-4.974432574850298589e+29
-6.198138502994011714e+29
-1.066262934131736419e+30
-1.287055658682634697e+30
-1.785045005988023844e+31
-1.572107628742514832e+30
-1.381063455089820222e+31
0.000000000000000000e+00
-1.775919694610778210e+31
-5.088704191616766581e+30
-1.061012934131736512e+31
-5.453555688622754137e+30
-6.649712754491017770e+30
-5.956866347305389284e+30
-9.158365149700598019e+30
0.000000000000000000e+00
0.000000000000000000e+00
-6.249227544910179937e+30
-5.796862275449101463e+30
0.000000000000000000e+00
0.000000000000000000e+00
-2.074411622754490819e+31
-3.828625389221556801e+31
-2.195575934131736530e+31
-2.510676041916167694e+32
-2.258448982035928168e+32
-2.258448982035928168e+32
-1.110302783832335252e+32
-2.226541976047903902e+26
-1.802033353293413359e+26
-1.620550778443113538e+26
-9.867566413173651062e+31
-1.485963790419161554e+30
-1.208854946107784116e+30
-9.620797311377246261e+29
-7.772173059880240043e+31
-6.446923952095807307e+29
-6.498470874251497457e+29
-4.258105341317365434e+29
-4.853798664670658033e+29
-3.331254754491018252e+29
-7.116608538922155790e+29
-1.852341520958083718e+31
-3.041995413173652350e+29
-1.617928682634730067e+29
-4.830248083832334917e+29
-5.129515544910179514e+29
-2.565436413173652469e+29
-4.974432574850298589e+29
-6.198138502994011714e+29
-1.066262934131736419e+30
-1.287055658682634697e+30
-2.001354455089820019e+31
-1.572107628742514832e+30
-1.671587808383233411e+31
0.000000000000000000e+00
-7.129941317365269352e+30
-5.088704191616766581e+30
-1.042477437125748540e+31
-5.453555688622754137e+30
-6.649712754491017770e+30
-5.956866347305389284e+30
-9.158365149700598019e+30
0.000000000000000000e+00
-4.351413173652694145e+30
-6.249227544910179937e+30
-5.796862275449101463e+30
0.000000000000000000e+00
0.000000000000000000e+00
-2.074411622754490819e+31
-3.699690778443113617e+31
-2.195575934131736530e+31
-2.153205132335329166e+32
-2.143564949700598492e+32
-2.143564949700598492e+32
-3.410491053892215814e+32
-2.405952275449101253e+26
-1.949028323353293207e+26
-1.620550778443113538e+26
-1.749607245508981930e+31
-1.485963790419161554e+30
-1.208854946107784116e+30
-1.035917892215568734e+30
-1.447849580838323179e+31
-6.446923952095807307e+29
-6.498470874251497457e+29
-4.258105341317365434e+29
-4.853798664670658033e+29
-3.331254754491018252e+29
-7.116608538922155790e+29
-1.928811712574849954e+31
-3.041995413173652350e+29
-1.617928682634730067e+29
-4.830248083832334917e+29
-5.129515544910179514e+29
-2.565436413173652469e+29
-4.974432574850298589e+29
-6.198138502994011714e+29
-1.066262934131736419e+30
-1.287055658682634697e+30
-2.044731820359281280e+31
-1.555289233532933617e+30
-1.856862233532933767e+31
-2.807856425149700545e+30
-6.736148383233533113e+30
-5.088704191616766581e+30
-1.019855652694610591e+31
-5.453555688622754137e+30
-6.649712754491017770e+30
-5.956866347305389284e+30
-9.158365149700598019e+30
-6.044433832335328741e+30
-4.351413173652694145e+30
-6.249227544910179937e+30
-5.796862275449101463e+30
-7.672671736526944276e+30
0.000000000000000000e+00
-2.074411622754490819e+31
-3.833609401197604338e+31
-2.195575934131736530e+31
-2.041906262275449032e+32
-1.838736829940119171e+32
-1.909610030538922061e+32
-3.367681287425148568e+32
-2.405952275449101253e+26
-1.949028323353293207e+26
-1.620550778443113538e+26
-2.895700982035927578e+32
-1.553200089820358973e+30
-1.208854946107784116e+30
-1.035917892215568734e+30
-1.133524026347305369e+32
-6.995948814371256651e+29
-6.498470874251497457e+29
-4.258105341317365434e+29
-2.491174682634730564e+31
-3.331254754491018252e+29
-7.116608538922155790e+29
-1.684458305389221394e+31
-3.041995413173652350e+29
-1.526244724550898020e+29
-4.830248083832334917e+29
-4.684512982035927525e+29
-2.565436413173652469e+29
-4.974432574850298589e+29
-6.198138502994011714e+29
-1.066262934131736419e+30
-1.287055658682634697e+30
-2.041407640718563104e+31
-1.555289233532933617e+30
-1.888950431137723850e+31
-2.807856425149700545e+30
-6.448296407185628747e+30
-5.088704191616766581e+30
-9.963922814371257792e+30
-5.453555688622754137e+30
-6.649712754491017770e+30
-5.956866347305389284e+30
-9.158365149700598019e+30
-6.044433832335328741e+30
-4.351413173652694145e+30
-6.249227544910179937e+30
-5.796862275449101463e+30
-7.672671736526944276e+30
0.000000000000000000e+00
-2.074411622754490819e+31
-3.345728742514969492e+31
-2.195575934131736530e+31
-1.898090571856287377e+32
-2.965891425149700352e+32
-2.965891425149700352e+32
-3.248162317365268839e+32
-3.337150976047903544e+32
-1.949028323353293207e+26
-1.620550778443113538e+26
-2.827459239520957515e+32
-1.497098222754490682e+32
-1.411064652694610543e+30
-1.035917892215568734e+30
-1.162513514371257241e+32
-6.995948814371256651e+29
-6.498470874251497457e+29
-4.258105341317365434e+29
-2.160436796407185487e+31
-3.331254754491018252e+29
-9.996261838323352245e+29
-1.845374277844311262e+31
-3.041995413173652350e+29
-1.526244724550898020e+29
-4.830248083832334917e+29
-4.684512982035927525e+29
-2.565436413173652469e+29
-4.974432574850298589e+29
-6.198138502994011714e+29
-1.066262934131736419e+30
-1.287055658682634697e+30
-1.239374598802395097e+31
-1.555289233532933617e+30
-1.912932538922155754e+31
-2.807856425149700545e+30
-1.631236251497005964e+31
-4.646741796407184850e+30
-9.604256287425149468e+30
-5.453555688622754137e+30
-6.649712754491017770e+30
-5.956866347305389284e+30
-9.158365149700598019e+30
-6.044433832335328741e+30
-4.351413173652694145e+30
-6.249227544910179937e+30
-5.796862275449101463e+30
-7.672671736526944276e+30
0.000000000000000000e+00
-2.074411622754490819e+31
-3.227605449101795824e+31
-2.195575934131736530e+31
-3.064265910179640559e+32
-2.718465742514969642e+32
-2.965891425149700352e+32
-3.248162317365268839e+32
-3.248162317365268839e+32
-1.949028323353293207e+26
-1.802033353293413359e+26
-2.674056167664670497e+32
-1.497098222754490682e+32
-1.411064652694610543e+30
-1.035917892215568734e+30
-1.101053921556886159e+32
-6.995948814371256651e+29
-6.498470874251497457e+29
-4.258105341317365434e+29
-2.076935922155688355e+31
-4.183077155688622693e+29
-9.996261838323352245e+29
-1.841194210179640579e+31
-3.041995413173652350e+29
-1.526244724550898020e+29
-1.757798982035927603e+30
-4.684512982035927525e+29
-2.565436413173652469e+29
-4.974432574850298589e+29
-6.198138502994011714e+29
-1.386517287425149723e+31
-1.287055658682634697e+30
-1.255725882035927992e+31
-1.555289233532933617e+30
-1.839096083832335299e+31
-2.807856425149700545e+30
-1.631236251497005964e+31
-4.646741796407184850e+30
-9.604256287425149468e+30
-5.453555688622754137e+30
-6.649712754491017770e+30
-5.956866347305389284e+30
-9.158365149700598019e+30
-6.044433832335328741e+30
-4.351413173652694145e+30
-6.249227544910179937e+30
-5.796862275449101463e+30
-7.672671736526944276e+30
-7.299895808383232909e+30
-2.074411622754490819e+31
-3.227605449101795824e+31
-2.195575934131736530e+31
-2.725679407185628400e+32
-3.064265910179640559e+32
-2.718465742514969642e+32
-3.278649820359280372e+32
-3.278649820359280372e+32
-1.949028323353293207e+26
-1.802033353293413359e+26
-2.603257826347305461e+32
-1.404300305389221400e+32
-1.411064652694610543e+30
-1.035917892215568734e+30
-1.085381492814371017e+32
-5.522259688622754808e+31
-6.745630544910177667e+29
-4.890275071856287446e+29
-2.076935922155688355e+31
-4.183077155688622693e+29
-9.996261838323352245e+29
-1.849023667065868075e+31
-3.041995413173652350e+29
-1.526244724550898020e+29
-1.636178245508982104e+30
-4.684512982035927525e+29
-2.565436413173652469e+29
-4.505690179640718664e+29
-5.667435269461077381e+29
-1.535154353293413113e+31
-1.352142676646706549e+30
-1.362038479041916119e+31
-1.555289233532933617e+30
-1.142826784431137627e+30
-2.807856425149700545e+30
-2.848010982035928245e+30
-4.646741796407184850e+30
-8.115405928143710660e+30
-5.453555688622754137e+30
-6.649712754491017770e+30
-5.956866347305389284e+30
-9.158365149700598019e+30
-6.044433832335328741e+30
-4.351413173652694145e+30
-6.249227544910179937e+30
-5.796862275449101463e+30
-7.672671736526944276e+30
-7.299895808383232909e+30
-2.074411622754490819e+31
-3.030662814371256743e+31
-2.195575934131736530e+31
-2.725679407185628400e+32
-3.064265910179640559e+32
-2.528444700598802082e+32
-3.014368634730538729e+32
-3.014368634730538729e+32
-2.226541976047903902e+26
-1.802033353293413359e+26
-2.603257826347305461e+32
-1.404300305389221400e+32
-1.411064652694610543e+30
-1.035917892215568734e+30
-1.085381492814371017e+32
-5.522259688622754808e+31
-6.745630544910177667e+29
-4.890275071856287446e+29
-4.994966514970058857e+31
-4.183077155688622693e+29
-9.996261838323352245e+29
-3.961581598802394469e+29
-3.779082179640717786e+29
-1.526244724550898020e+29
-1.636178245508982104e+30
-4.684512982035927525e+29
-2.565436413173652469e+29
-4.505690179640718664e+29
-5.667435269461077381e+29
-1.535154353293413113e+31
-1.352142676646706549e+30
-1.258929167664670452e+31
-1.555289233532933617e+30
-1.142826784431137627e+30
-2.807856425149700545e+30
-2.848010982035928245e+30
-4.646741796407184850e+30
-7.778871736526946190e+30
-5.453555688622754137e+30
-6.649712754491017770e+30
-5.956866347305389284e+30
-9.158365149700598019e+30
-6.044433832335328741e+30
-4.351413173652694145e+30
-6.249227544910179937e+30
-5.796862275449101463e+30
-7.672671736526944276e+30
-7.299895808383232909e+30
-2.074411622754490819e+31
-3.030662814371256743e+31
-2.195575934131736530e+31
-2.243998765868263145e+32
-2.725679407185628400e+32
-2.528444700598802082e+32
-2.528444700598802082e+32
-3.014368634730538729e+32
-2.226541976047903902e+26
-1.802033353293413359e+26
-2.496587976047903775e+32
-1.253812981437125748e+32
-1.411064652694610543e+30
-1.208854946107784116e+30
-1.195565946107784357e+30
-5.775580341317365055e+31
-6.745630544910177667e+29
-4.890275071856287446e+29
-4.529578341317364424e+31
-4.183077155688622693e+29
-9.996261838323352245e+29
-3.961581598802394469e+29
-3.779082179640717786e+29
-1.526244724550898020e+29
-1.790334011976047837e+30
-4.684512982035927525e+29
-3.639642586826346896e+29
-4.505690179640718664e+29
-5.667435269461077381e+29
-2.269528023952095896e+30
-1.352142676646706549e+30
-7.066782395209579320e+29
-1.555289233532933617e+30
-1.142826784431137627e+30
-2.807856425149700545e+30
-2.848010982035928245e+30
-4.646741796407184850e+30
-7.350384670658682402e+30
-5.453555688622754137e+30
-9.471755089820358793e+30
-5.956866347305389284e+30
-9.158365149700598019e+30
-6.044433832335328741e+30
-4.351413173652694145e+30
-6.249227544910179937e+30
-5.796862275449101463e+30
-7.672671736526944276e+30
-7.299895808383232909e+30
-2.074411622754490819e+31
-2.853205508982035771e+31
-2.195575934131736530e+31
-2.243998765868263145e+32
-2.243998765868263145e+32
-2.528444700598802082e+32
-2.528444700598802082e+32
-2.724150568862274878e+32
-2.572519712574850075e+32
-1.949028323353293207e+26
-2.496587976047903775e+32
-1.253812981437125748e+32
-1.485963790419161554e+30
-1.208854946107784116e+30
-9.620797311377246261e+29
-5.775580341317365055e+31
-6.745630544910177667e+29
-4.890275071856287446e+29
-4.529578341317364424e+31
-4.853798664670658033e+29
-4.319522748502993217e+29
-3.961581598802394469e+29
-3.779082179640717786e+29
-2.533529455089820235e+29
-1.667922514970059875e+30
-4.728490257485029632e+29
-3.639642586826346896e+29
-4.505690179640718664e+29
-5.667435269461077381e+29
-2.269528023952095896e+30
-1.352142676646706549e+30
-7.066782395209579320e+29
-1.555289233532933617e+30
-1.142826784431137627e+30
-2.807856425149700545e+30
-2.848010982035928245e+30
-4.646741796407184850e+30
-7.350384670658682402e+30
-5.453555688622754137e+30
-1.000492802395209565e+31
-5.956866347305389284e+30
-9.158365149700598019e+30
-6.044433832335328741e+30
-4.351413173652694145e+30
-1.692169161676646719e+31
-5.796862275449101463e+30
-7.672671736526944276e+30
-7.299895808383232909e+30
-2.074411622754490819e+31
-2.853205508982035771e+31
-2.195575934131736530e+31
-2.243998765868263145e+32
-2.243998765868263145e+32
-2.147869007185628356e+32
-2.528444700598802082e+32
-2.724150568862274878e+32
-2.572519712574850075e+32
-1.949028323353293207e+26
-2.288975706586826348e+32
-2.496587976047903775e+32
-1.226396979640718302e+32
-1.411064652694610543e+30
-9.620797311377246261e+29
-1.052101622754490984e+32
-6.446923952095807307e+29
-6.498470874251497457e+29
-4.788388556886227213e+29
-2.811448904191616575e+31
-4.319522748502993217e+29
-7.116608538922155790e+29
-3.624308191616766260e+29
-2.533529455089820235e+29
-1.529711376047904028e+31
-4.728490257485029632e+29
-3.639642586826346896e+29
-1.211647319161676613e+31
-5.774941826347304986e+29
-1.045214465269460887e+31
-1.352142676646706549e+30
-7.066782395209579320e+29
-1.682725317365269203e+30
-1.142826784431137627e+30
-2.728841988023951716e+30
-2.848010982035928245e+30
-4.646741796407184850e+30
-5.621244550898202867e+30
-5.171107125748501689e+30
-1.000492802395209565e+31
-5.085072155688622598e+30
-8.687855868263473188e+30
-6.044433832335328741e+30
-4.351413173652694145e+30
-1.692169161676646719e+31
-6.362720658682634261e+30
-7.672671736526944276e+30
-7.299895808383232909e+30
-2.074411622754490819e+31
-2.825953113772454901e+31
-2.195575934131736530e+31
