9.373557391011235430e+19
1.592714026747815199e+20
1.422757972091136246e+20
2.013975943714107228e+20
1.637141073657927762e+20
4.598751560549313413e+20
4.509188514357054669e+20
1.483671036204743918e+21
1.442940043823970058e+20
8.182339629900123341e+19
9.166310861423219507e+19
1.760080526966292152e+20
8.832084893882646528e+19
2.916323345817727468e+20
4.897097378277153833e+20
1.018205368289637958e+21
9.711610486891387290e+19
6.406460674157305037e+19
8.033938826466915123e+19
8.192677902621722214e+19
1.276342072409488261e+20
3.333033707865168937e+20
2.547503121098626171e+20
8.720848938826467901e+20
2.130761330499376251e+20
8.048077403245941555e+19
6.784319003645443277e+19
1.301735330836454769e+20
8.623220973782771302e+19
9.903620474406990643e+19
1.583938826466916106e+20
2.291878901373283533e+20
2.028620442873907446e+20
3.858258426966291968e+18
1.918638656928838861e+19
1.859113607990012672e+18
-1.622971285892657000e+15
1.270230961298377114e+19
2.187124219725343539e+19
1.059730961298376909e+19
2.642257802746566656e+19
2.621520841198501888e+19
8.993101848077405389e+19
9.876404494382022656e+19
1.209831861292134728e+20
2.233156054931336069e+20
1.924064294631710392e+20
1.355795880149812675e+20
1.002111735330836644e+20
1.009457553058676736e+20
1.614393882646691635e+19
4.927466292134830899e+19
4.454232209737827123e+19
5.766801498127339520e+19
1.166239138576779182e+20
4.863364544319600230e+19
1.058454494382022451e+19
8.550811485642946560e+17
2.044462602996254720e+19
3.445688701622971392e+18
5.683628589263420416e+18
6.180771535580524544e+18
7.467951935081149440e+18
7.318764044943820800e+17
