4.380624518752756875e+14
4.380624518752756875e+14
3.762723616437536250e+14
7.468953478810168750e+14
7.468953478810168750e+14
1.109741378665889250e+15
1.109741378665889250e+15
-4.442846516704418125e+14
4.380624518752756875e+14
3.784539535161885500e+15
3.784539535161885500e+15
1.998000254173301250e+15
1.109741378665889250e+15
1.998000254173301250e+15
1.553491331942855750e+15
1.553491331942855750e+15
4.380624518752756875e+14
7.293629968527363000e+15
7.293629968527363000e+15
2.608053368917595000e+15
2.608053368917595000e+15
2.608053368917595000e+15
1.553491331942855750e+15
1.139569176254233250e+15
1.500199787690536600e+16
1.119805520046050000e+16
4.665119199802642000e+15
1.031805303251175375e+15
1.998000254173301250e+15
4.153677663399792000e+15
3.104407290288337000e+15
2.795719422578064844e+13
3.022525735046760400e+16
3.022525735046760400e+16
2.078196976832850750e+15
-4.399756666442396000e+15
-3.111311085693780500e+15
2.795719422578064844e+13
2.795719422578064844e+13
-1.743137320863889600e+16
4.512977229062473600e+16
3.022525735046760400e+16
-4.399756666442396000e+15
-1.930225317155950000e+16
-1.672476227320639200e+16
-1.623569340719310400e+16
-1.623569340719310400e+16
-1.743137320863889600e+16
4.800765510178145600e+16
2.549311489380788000e+15
-2.656673357405040400e+16
-2.843003879880687600e+16
-2.843003879880687600e+16
-2.295429739771393200e+16
-1.743137320863889600e+16
-1.743137320863889600e+16
6.960692846516704000e+16
-4.586783549006854400e+16
-4.586783549006854400e+16
-4.149934213969065600e+16
-4.149934213969065600e+16
-4.149934213969065600e+16
-4.309218641368948000e+16
-2.272159800249688000e+16
