-4.630447904191616902e+28
-4.050255089820358910e+28
-4.995434371257485000e+28
-9.919619940119759355e+28
-1.040370754491018075e+31
-2.995543604790419114e+29
-1.600717736526946055e+29
-2.441695976047903980e+29
-3.156025269461078025e+29
-4.416508502994011424e+29
-5.809214670658682266e+29
-1.938791820359281581e+31
-4.655231437125747573e+29
-6.883228443113772433e+29
-2.036351598802395202e+31
-8.060871377245508207e+29
-1.013014497005987954e+30
-2.194926538922155175e+31
-7.654543772455089356e+29
-9.260569299401197247e+29
-7.595266958083833161e+29
-4.226533335329340136e+31
-1.130608337125748380e+30
-4.673911808383233875e+31
-1.980571407185628469e+30
-2.720599694610777867e+30
-1.183073055688622560e+32
-2.772302946101795855e+30
-1.403348390419161741e+32
-1.463500971257485105e+32
-1.648181053892215114e+32
-1.722360064071856017e+32
-4.630447904191616902e+28
-4.050255089820358910e+28
-4.995434371257485000e+28
-9.919619940119759355e+28
-2.875873053892215445e+30
-2.963587964071855914e+30
-1.600717736526946055e+29
-2.756684107784430654e+29
-3.156025269461078025e+29
-4.416508502994011424e+29
-5.809214670658682266e+29
-2.159426305389221528e+31
-7.029861197604788960e+29
-6.883228443113772433e+29
-2.218971514970059695e+31
-7.157523173652694240e+29
-8.894799221556884201e+29
-2.307248029940119764e+31
-7.716686287425150183e+29
-3.030651970059880148e+31
-7.630600491017962696e+29
-4.518878826347305464e+31
-1.013300862275448958e+30
-4.921845802395208574e+31
-1.964706634730538933e+30
-2.300314227544909777e+30
-1.089912957485029770e+32
-2.584104142640718100e+30
-1.624328723952095480e+32
-1.538470308982035689e+32
-1.463500971257485105e+32
-1.648181053892215114e+32
-4.630447904191616902e+28
-4.050255089820358910e+28
-4.995434371257485000e+28
-9.919619940119759355e+28
-2.875873053892215445e+30
-2.963587964071855914e+30
-1.709256904191616651e+29
-2.756684107784430654e+29
-3.156025269461078025e+29
-4.712291437125747831e+29
-1.559992970059880232e+31
-1.741626694610778204e+31
-7.029861197604788960e+29
-7.949734970059879610e+29
-1.950308634730538881e+31
-7.157523173652694240e+29
-8.894799221556884201e+29
-2.307248029940119764e+31
-7.716686287425150183e+29
-3.142923425149700250e+31
-8.278510065868263307e+29
-3.598071179640718088e+31
-1.013300862275448958e+30
-4.921845802395208574e+31
-6.997064946107783192e+31
-2.300314227544909777e+30
-1.089912957485029770e+32
-1.186729102395209325e+32
-3.082172233532933825e+30
-1.581864720958083395e+32
-1.538470308982035689e+32
-1.648181053892215114e+32
-4.630447904191616902e+28
-4.050255089820358910e+28
-4.995434371257485000e+28
-9.919619940119759355e+28
-1.666321305389221587e+31
-1.392168742514969772e+31
-1.709256904191616651e+29
-2.756684107784430654e+29
-3.156025269461078025e+29
-4.712291437125747831e+29
-1.733997149700598662e+31
-2.157796479041916283e+31
-1.125579065868263565e+30
-7.949734970059879610e+29
-1.994390634730538970e+31
-7.949819611377244798e+29
-8.894799221556884201e+29
-2.691095802395209882e+31
-7.716686287425150183e+29
-3.194606125748502390e+31
-8.278510065868263307e+29
-3.585684491017963602e+31
-1.005757476047903939e+30
-1.393239507784431279e+30
-8.473153532934131125e+31
-2.000863838323353239e+30
-1.187951982035927989e+32
-1.280751888023951826e+32
-2.772302946101795855e+30
-1.624328723952095480e+32
-1.783678389820359003e+32
-1.680878448502994336e+32
-4.630447904191616902e+28
-4.050255089820358910e+28
-4.995434371257485000e+28
-9.919619940119759355e+28
-2.071243898203592678e+31
-1.397826736526945980e+31
-1.709256904191616651e+29
-2.756684107784430654e+29
-3.156025269461078025e+29
-4.712291437125747831e+29
-1.982655502994011674e+31
-2.089393485029939802e+31
-1.125579065868263565e+30
-7.949734970059879610e+29
-2.465179748502993806e+31
-7.949819611377244798e+29
-2.371703994011975864e+31
-2.486008203592814079e+31
-7.783720958083831865e+29
-3.490408311377245330e+31
-8.278510065868263307e+29
-3.884210526946107888e+31
-1.005757476047903939e+30
-1.393239507784431279e+30
-7.643855640718561293e+31
-2.000863838323353239e+30
-1.034950990419161780e+32
-1.245838155089820340e+32
-2.772302946101795855e+30
-1.526797079041916194e+32
-1.396815392814371071e+32
-1.654479123952095552e+32
-4.630447904191616902e+28
-4.050255089820358910e+28
-4.995434371257485000e+28
-9.919619940119759355e+28
-1.784511562874251539e+31
-1.422397395209580625e+31
-1.709256904191616651e+29
-2.756684107784430654e+29
-4.592443712574849816e+29
-4.712291437125747831e+29
-1.581651508982035590e+31
-1.683900958083832310e+31
-1.125579065868263565e+30
-1.057370287425149520e+30
-2.143754311377245381e+31
-7.949819611377244798e+29
-2.435090347305389104e+31
-1.109093407185628596e+30
-7.783720958083831865e+29
-3.529277125748502602e+31
-8.553985131736525758e+29
-4.259445940119760579e+31
-4.955061065868263030e+31
-1.152461897005987821e+30
-5.318849892215568214e+31
-2.000863838323353239e+30
-1.077594755089820035e+32
-1.245838155089820340e+32
-1.206271857485029655e+32
-1.375790290419161674e+32
-1.396815392814371071e+32
-1.530304299401197663e+32
-4.630447904191616902e+28
-4.050255089820358910e+28
-4.995434371257485000e+28
-9.919619940119759355e+28
-1.261568065868263305e+31
-1.422397395209580625e+31
-1.709256904191616651e+29
-2.756684107784430654e+29
-4.592443712574849816e+29
-4.712291437125747831e+29
-1.847535245508981858e+31
-1.683900958083832310e+31
-1.125579065868263565e+30
-1.057370287425149520e+30
-2.143754311377245381e+31
-7.949819611377244798e+29
-2.435090347305389104e+31
-1.109093407185628596e+30
-7.783720958083831865e+29
-3.529277125748502602e+31
-8.553985131736525758e+29
-4.259445940119760579e+31
-4.955061065868263030e+31
-1.152461897005987821e+30
-5.318849892215568214e+31
-1.980571407185628469e+30
-1.081978334730538940e+32
-1.206271857485029655e+32
-1.206271857485029655e+32
-1.281003934131736411e+32
-1.398269126347305251e+32
-1.530304299401197663e+32
-4.630447904191616902e+28
-4.163192215568861876e+28
-4.995434371257485000e+28
-9.919619940119759355e+28
-1.433907616766466937e+31
-1.728882688622754530e+31
-1.709256904191616651e+29
-2.756684107784430654e+29
-4.592443712574849816e+29
-4.712291437125747831e+29
-2.215852742514969826e+31
-1.489781245508981861e+31
-1.125579065868263565e+30
-1.057370287425149520e+30
-2.051341544910179611e+31
-8.836636467065867585e+29
-2.363064389221556841e+31
-1.109093407185628596e+30
-2.732809586826347166e+31
-3.414004778443113592e+31
-3.682300086227544780e+31
-6.172368664670659015e+29
-4.926492598802394257e+31
-1.152461897005987821e+30
-5.235946940119759690e+31
-1.980571407185628469e+30
-1.081020273652694583e+32
-1.119920079640718420e+32
-1.119920079640718420e+32
-1.236395513772455018e+32
-1.132101446107784175e+32
-1.347007631736526812e+32
-4.630447904191616902e+28
-4.163192215568861876e+28
-4.995434371257485000e+28
-9.919619940119759355e+28
-1.478123694610778316e+31
-1.834998748502993828e+31
-1.709256904191616651e+29
-2.501524191616766368e+29
-4.592443712574849816e+29
-4.601502814371257143e+29
-2.099173874251496988e+31
-1.576532185628742503e+31
-9.537770718562873919e+29
-1.057370287425149520e+30
-2.247087137724550810e+31
-8.836636467065867585e+29
-2.253612916167664656e+31
-1.109093407185628596e+30
-2.874422299401197250e+31
-7.836411616766465248e+29
-3.694010838323352916e+31
-6.172368664670659015e+29
-4.652362730538921890e+31
-1.152461897005987821e+30
-5.159751335329341635e+31
-7.930789736526946612e+31
-2.300314227544909777e+30
-1.060703802994011841e+32
-1.060703802994011841e+32
-1.236395513772455018e+32
-9.998985491017963993e+31
-1.319632598203592696e+32
-4.630447904191616902e+28
-4.163192215568861876e+28
-1.102963532934131560e+31
-9.919619940119759355e+28
-1.376061958083832368e+31
-1.578387520958083615e+31
-1.709256904191616651e+29
-2.501524191616766368e+29
-4.592443712574849816e+29
-4.601502814371257143e+29
-2.072312479041916176e+31
-1.594257532934131418e+31
-9.537770718562873919e+29
-2.273415832335329702e+31
-6.686976766467065091e+29
-8.836636467065867585e+29
-1.979181748502993877e+31
-1.202172035928143734e+30
-2.740634826347305344e+31
-7.836411616766465248e+29
-3.303978964071856108e+31
-7.595266958083833161e+29
-4.598669832335329480e+31
-1.130608337125748380e+30
-4.592591299401198071e+31
-7.864854083832334601e+31
-2.300314227544909777e+30
-1.050543165868263482e+32
-1.060703802994011841e+32
-1.094490967664670601e+32
-1.094490967664670601e+32
-1.087154054491017953e+32
-4.630447904191616902e+28
-4.163192215568861876e+28
-1.102963532934131560e+31
-9.919619940119759355e+28
-1.376061958083832368e+31
-1.578387520958083615e+31
-1.709256904191616651e+29
-2.501524191616766368e+29
-4.592443712574849816e+29
-4.601502814371257143e+29
-2.072312479041916176e+31
-4.714681796407185122e+29
-9.537770718562873919e+29
-2.273415832335329702e+31
-6.686976766467065091e+29
-8.836636467065867585e+29
-2.617194443113772316e+31
-1.202172035928143734e+30
-2.740634826347305344e+31
-7.836411616766465248e+29
-3.303978964071856108e+31
-7.595266958083833161e+29
-4.598669832335329480e+31
-1.130608337125748380e+30
-4.592591299401198071e+31
-7.864854083832334601e+31
-2.000863838323353239e+30
-1.050543165868263482e+32
-1.002632873652694579e+32
-9.270150610778441859e+31
-1.094490967664670601e+32
-1.087154054491017953e+32
-4.630447904191616902e+28
-4.163192215568861876e+28
-1.291555547904191502e+31
-1.412279195808383068e+31
-1.422500326946107692e+31
-1.486978032335329192e+31
-1.686692329341317306e+29
-2.501524191616766368e+29
-4.592443712574849816e+29
-4.601502814371257143e+29
-1.829850580838323023e+31
-4.714681796407185122e+29
-9.537770718562873919e+29
-1.906486748502993881e+31
-6.686976766467065091e+29
-8.836636467065867585e+29
-2.018575227544910377e+31
-1.202172035928143734e+30
-2.768159604790419045e+31
-7.530462215568861274e+29
-3.058981502994012135e+31
-7.595266958083833161e+29
-3.712493191616766182e+31
-1.130608337125748380e+30
-4.435278413173652298e+31
-6.964347155688621195e+31
-2.000863838323353239e+30
-9.546751502994010921e+31
-1.016468574850299107e+32
-8.545642766467065749e+31
-9.270150610778441859e+31
-1.210499935329341223e+32
-4.630447904191616902e+28
-4.163192215568861876e+28
-1.296850963473053850e+31
-1.384104439520957959e+31
-1.355481458682634608e+31
-1.435516682634730341e+31
-1.686692329341317306e+29
-2.501524191616766368e+29
-4.592443712574849816e+29
-1.554923994011975962e+31
-1.853472634730538573e+31
-4.714681796407185122e+29
-9.537770718562873919e+29
-1.852271131736526739e+31
-6.686976766467065091e+29
-8.425236638922154436e+29
-1.926541742514970199e+31
-1.202172035928143734e+30
-2.344630329341317114e+31
-7.530462215568861274e+29
-2.939241748502993843e+31
-7.595266958083833161e+29
-3.537471904191616551e+31
-1.013300862275448958e+30
-3.938807640718562635e+31
-6.241619742514969312e+31
-2.000863838323353239e+30
-8.205526880239519518e+31
-8.724723059880239266e+31
-7.420579592814370542e+31
-8.545642766467065749e+31
-9.600941712574849731e+31
-4.630447904191616902e+28
-4.163192215568861876e+28
-1.069223264071856281e+31
-1.196470304191616651e+31
-1.425782187425149445e+31
-1.313647297005987916e+31
-1.686692329341317306e+29
-2.501524191616766368e+29
-4.714900419161676201e+29
-1.394873995209580655e+31
-1.500655977245508692e+31
-4.714681796407185122e+29
-9.537770718562873919e+29
-1.773026768263472772e+31
-6.790505928143711415e+29
-8.425236638922154436e+29
-1.740567341317365071e+31
-1.202172035928143734e+30
-2.116751351497005658e+31
-7.530462215568861274e+29
-2.491251113772454581e+31
-7.630600491017962696e+29
-3.582741796407185241e+31
-1.013300862275448958e+30
-3.420932076047903992e+31
-4.932652616766465974e+31
-4.932652616766465974e+31
-6.885094670658682030e+31
-8.724723059880239266e+31
-6.381775077844310289e+31
-7.420579592814370542e+31
-1.011585079041915971e+32
-4.630447904191616902e+28
-4.163192215568861876e+28
-1.069223264071856281e+31
-1.196470304191616651e+31
-1.425782187425149445e+31
-1.313647297005987916e+31
-1.686692329341317306e+29
-2.501524191616766368e+29
-4.714900419161676201e+29
-1.394873995209580655e+31
-1.500655977245508692e+31
-4.714681796407185122e+29
-8.054293233532933408e+29
-1.773026768263472772e+31
-6.790505928143711415e+29
-8.425236638922154436e+29
-1.740567341317365071e+31
-1.039060778443113783e+30
-2.116751351497005658e+31
-7.530462215568861274e+29
-2.491251113772454581e+31
-7.630600491017962696e+29
-3.582741796407185241e+31
-1.013300862275448958e+30
-2.792025694011975270e+31
-4.932652616766465974e+31
-4.932652616766465974e+31
-5.343016077844310274e+31
-7.182896790419160945e+31
-6.381775077844310289e+31
-7.420579592814370542e+31
-1.011585079041915971e+32
-4.630447904191616902e+28
-4.163192215568861876e+28
-9.606273832335328676e+30
-9.244556580838322166e+30
-1.070347168862275339e+31
-1.145988407185628770e+31
-1.686692329341317306e+29
-2.501524191616766368e+29
-4.714900419161676201e+29
-1.410804881437125646e+31
-1.414057460479041759e+31
-4.518674251497006526e+29
-8.054293233532933408e+29
-1.583326478443113783e+31
-6.790505928143711415e+29
-8.425236638922154436e+29
-1.568967101197604919e+31
-1.039060778443113783e+30
-1.603593707185628638e+31
-7.530462215568861274e+29
-2.258337253892215439e+31
-7.630600491017962696e+29
-2.499317166467065654e+31
-2.948133250299401300e+31
-2.792025694011975270e+31
-4.345545688622755216e+31
-4.345545688622755216e+31
-5.343016077844310274e+31
-6.222536275449101792e+31
-6.381775077844310289e+31
-6.381775077844310289e+31
-8.205828461077844363e+31
