-5.713420417124039807e+30
-2.882427903402853357e+32
-5.054783754116355477e+30
0.000000000000000000e+00
-5.486987925356750088e+30
-7.313501646542260740e+30
-8.957124039517014487e+30
0.000000000000000000e+00
-1.698742041712403995e+31
-1.574757409440175334e+31
0.000000000000000000e+00
-1.872590559824368688e+31
-7.771192535675081586e+32
-1.197399341383095628e+32
-2.106821075740944123e+31
0.000000000000000000e+00
0.000000000000000000e+00
-1.904054884742041600e+31
-1.177652381997804606e+33
-3.834718770581777882e+32
-1.541773874862788135e+31
-9.947925356750824688e+30
0.000000000000000000e+00
-9.708408342480789722e+30
-1.020046103183315001e+31
-3.672724478594950370e+32
-1.716524698133918684e+31
-2.334731064763995657e+31
-8.630616904500547805e+31
-2.831377387486278980e+31
-3.145225027442370897e+31
-9.265835345773875458e+32
-5.713420417124039807e+30
-2.882427903402853357e+32
-5.054783754116355477e+30
0.000000000000000000e+00
-5.486987925356750088e+30
-7.313501646542260740e+30
-8.957124039517014487e+30
-1.275192096597145801e+31
-1.698742041712403995e+31
-7.280277716794730398e+32
-1.674950603732162535e+31
-1.951016465422612282e+31
-7.771192535675081586e+32
-2.308512952799121872e+33
-2.106821075740944123e+31
-2.201675082327113063e+31
-7.210848079034028717e+32
-1.904054884742041600e+31
-1.468128474204171181e+33
-1.257675082327112860e+31
-6.882731064763994715e+32
-9.947925356750824688e+30
-9.698353457738748584e+30
-9.981405049396267160e+30
-1.054239297475301825e+31
-1.652579582875960574e+31
-1.716524698133918684e+31
-6.782750823271128775e+32
-1.463211416026344643e+32
-2.939014050493962863e+31
-1.537405049396267950e+32
-7.550559824368825999e+30
-5.713420417124039807e+30
-2.882427903402853357e+32
-5.054783754116355477e+30
-5.903729967069154475e+30
-1.646122722283205337e+32
-6.545758946212954040e+32
-8.957124039517014487e+30
-1.275192096597145801e+31
-1.698742041712403995e+31
-7.280277716794730398e+32
-1.674950603732162535e+31
-1.951016465422612282e+31
-2.238649835345774106e+31
-2.308512952799121872e+33
-2.106821075740944123e+31
-2.201675082327113063e+31
-7.210848079034028717e+32
-1.963049396267837696e+31
-1.050590120746432435e+33
-1.257675082327112860e+31
-6.190980241492864203e+33
-1.001554335894621234e+31
-5.735558726673985054e+32
-9.981405049396267160e+30
-1.054239297475301825e+31
-1.652579582875960574e+31
-1.841233809001097731e+31
-6.782750823271128775e+32
-1.463211416026344643e+32
-2.939014050493962863e+31
-1.515646542261251331e+32
-7.550559824368825999e+30
-5.713420417124039807e+30
-2.882427903402853357e+32
-5.054783754116355477e+30
-5.903729967069154475e+30
-8.972434467618001686e+32
-3.890832052689352617e+31
-8.957124039517014487e+30
-1.275192096597145801e+31
-1.468197585071349977e+31
-7.280277716794730398e+32
-1.674950603732162535e+31
-1.951016465422612282e+31
-2.238649835345774106e+31
-2.308512952799121872e+33
-1.989266739846322883e+31
-2.057549945115257936e+31
-1.653886717892425893e+33
-1.963049396267837696e+31
-1.368933040614709235e+31
-1.328592755214050397e+31
-9.590450054884740368e+30
-1.001554335894621234e+31
-3.493944017563116621e+33
-9.710713501646544120e+30
-1.430508232711306140e+32
-1.653934138309549916e+31
-2.054331503841931875e+31
-5.642643688254665265e+33
-1.481791437980241699e+32
-3.145225027442370897e+31
-1.024417563117453435e+34
-1.040460592755214033e+34
-5.713420417124039807e+30
-2.882427903402853357e+32
-4.872965971459933736e+30
-5.903729967069154475e+30
-9.432256201975851065e+32
-3.715069154774972330e+32
-9.165598243688254263e+30
-1.275192096597145801e+31
-1.468197585071349977e+31
-7.280277716794730398e+32
-2.426538529088913119e+33
-1.951016465422612282e+31
-2.238649835345774106e+31
-2.210096597145993035e+31
-1.989266739846322883e+31
-2.057549945115257936e+31
-3.022528649835345412e+33
-1.181754028540065748e+33
-1.368933040614709235e+31
-1.328592755214050397e+31
-9.590450054884740368e+30
-1.874735016465422845e+32
-3.930110867178924193e+33
-9.710713501646544120e+30
-1.430508232711306140e+32
-1.716524698133918684e+31
-2.054331503841931875e+31
-1.122667618002195483e+34
-2.831377387486278980e+31
-1.537405049396267950e+32
-1.477171679473106470e+34
-3.274313940724478008e+31
-5.713420417124039807e+30
-5.042197585071349549e+30
-4.872965971459933736e+30
-5.903729967069154475e+30
-1.195695279912184487e+33
-2.996364434687156674e+33
-9.165598243688254263e+30
-1.140520307354555476e+31
-1.468197585071349977e+31
-1.624643249176728834e+31
-3.267095060373216179e+33
-1.867455543358946277e+31
-2.150555433589462026e+31
-2.210096597145993035e+31
-1.961045005488474169e+31
-2.259427003293084680e+31
-1.918893523600439143e+31
-1.181754028540065748e+33
-1.321852908891328089e+31
-1.541773874862788135e+31
-9.486915477497253958e+30
-1.874735016465422845e+32
-1.429496158068056718e+32
-1.020046103183315001e+31
-5.286759165751920283e+33
-1.716524698133918684e+31
-2.334731064763995657e+31
-1.979070472008781643e+34
-2.831377387486278980e+31
-1.477171679473106470e+34
-1.634403512623490758e+34
-1.225982656421514699e+34
-5.713420417124039807e+30
-5.042197585071349549e+30
-4.872965971459933736e+30
-5.903729967069154475e+30
-1.759227881448957117e+34
-2.728633150384192951e+33
-9.165598243688254263e+30
-1.140520307354555476e+31
-1.474724478594950619e+31
-1.624643249176728834e+31
-6.731861031833149307e+33
-2.552717453347969181e+34
-2.150555433589462026e+31
-2.214206366630076668e+31
-1.961045005488474169e+31
-2.259427003293084680e+31
-1.918893523600439143e+31
-1.177652381997804606e+33
-1.266201975850713445e+31
-1.787260373216245885e+34
-9.912689352360043173e+30
-9.698353457738748584e+30
-9.708408342480789722e+30
-1.054239297475301825e+31
-2.900244785949505824e+34
-1.841233809001097731e+31
-6.782750823271128775e+32
-1.481791437980241699e+32
-2.939014050493962863e+31
-2.274793194291987009e+34
-2.899517453347969699e+34
-1.645571020856201737e+34
-5.713420417124039807e+30
-5.042197585071349549e+30
-4.872965971459933736e+30
-5.903729967069154475e+30
-1.489678155872667261e+34
-1.557824412733260361e+34
-9.879758507135016056e+30
-1.171387486278814509e+31
-1.474724478594950619e+31
-1.573091108671789088e+31
-1.882551042810098850e+31
-2.039310032930845011e+34
-7.701412733260152835e+32
-2.276952799121843888e+31
-1.933029132821075722e+34
-2.173003293084522429e+31
-1.891238199780460795e+31
-4.929371459934137910e+33
-3.834718770581777882e+32
-1.455535455543358829e+34
-9.947925356750824688e+30
-1.479096597145993399e+34
-9.981405049396267160e+30
-1.679622832052689263e+34
-1.653934138309549916e+31
-2.334731064763995657e+31
-2.594770581778265315e+34
-2.831377387486278980e+31
-1.537405049396267950e+32
-2.403050713501646834e+34
-6.491387486278813314e+34
-6.691667178924259629e+34
