2.540761548064919040e+18
1.448064918851435840e+17
1.673545568039950336e+19
5.318439450686642586e+19
9.282022471910113280e+18
2.925093632958801101e+19
2.174188514357053850e+19
5.025717852684145664e+18
2.540761548064919040e+18
5.423757391523096166e+19
2.707915106117353472e+19
3.818870162297127731e+19
4.453907615480649318e+19
1.245970661672909046e+20
3.963575530586766049e+20
1.509232209737827615e+20
2.540761548064919040e+18
6.229962546816480051e+19
8.242690387016230502e+19
9.071029962546814976e+19
7.717715355805243802e+19
1.821273408239700214e+20
3.309873907615480545e+20
5.128034956304619274e+20
1.448064918851435840e+17
9.906285892634207846e+19
2.281156054931336069e+20
1.955443196004993597e+20
1.556036204744069612e+20
9.727028714107364966e+19
8.411279650436955505e+20
9.585068664169787556e+20
9.906285892634207846e+19
1.266340823970037268e+20
1.314594257178526843e+20
1.208258426966292234e+20
4.274244694132334264e+20
3.742122347066167788e+20
8.418888888888887869e+20
1.746531210986267607e+21
1.347706537184768819e+20
9.615418227215979315e+19
2.532646691635455590e+20
2.192159800249687736e+20
2.539088639200998523e+20
3.835349563046192742e+20
1.329500000000000131e+21
3.905029962546816745e+21
2.037247108820224573e+20
1.500355805243445740e+20
2.487297128589263503e+20
3.432540574282147430e+20
3.413239700374531604e+20
6.399363295880149729e+20
1.262239700374532129e+21
5.306348938826466984e+21
1.422590466458177208e+20
1.566741573033707766e+20
2.602734082397003776e+20
1.531853932584269578e+20
2.888895131086142505e+20
6.402908863920099820e+20
1.426705992509363323e+21
6.305967540574282056e+21
