1.975268256853932442e+20
1.975268256853932442e+20
2.681260647702871736e+20
2.681260647702871736e+20
3.320736382865168794e+20
3.205973556061174497e+20
1.237679151061173500e+15
3.373676449357053952e+20
3.373676449357053952e+20
3.600000000000000512e+18
3.190262172284644352e+18
2.920436953807740416e+18
1.089694098335830180e+20
2.179563046192259328e+18
1.300805243445692928e+18
4.486544377965043712e+19
8.034756554307115418e+19
6.520143570536828160e+17
6.248314606741573120e+17
8.787902621722846720e+17
8.119769038701623040e+17
2.378806139388264858e+19
1.209023720349562880e+18
1.155623595505617920e+18
2.089300307322097254e+19
2.011921972534332160e+18
2.497526194943820595e+19
4.054931335830212608e+18
4.454300873907615232e+18
7.977103620474405888e+18
4.321836454431960269e+19
1.449628589263420826e+19
1.087337078651685274e+19
2.284667915106117632e+19
2.259705368289637990e+19
6.375197877652934656e+19
1.727577163576779080e+20
3.184649188514357248e+19
7.991535580524345754e+19
4.540955056179775078e+19
4.171966292134830899e+19
2.657997240212234240e+20
1.416938202247191265e+20
1.536380149812734198e+20
1.911916978776529306e+20
1.955729712858926612e+20
5.616185838108613673e+20
2.605986891385767526e+20
1.975268256853932442e+20
1.728957310586766623e+20
2.512272052509363405e+20
2.512272052509363405e+20
3.205973556061174497e+20
1.338583021223470750e+15
1.056732833957553000e+15
3.227858616960050135e+20
1.374662628901373215e+20
3.150836454431960064e+18
3.190262172284644352e+18
1.169650129388264817e+20
5.395567060486891110e+19
1.831086142322097408e+18
1.244182272159800320e+18
4.023537678776529715e+19
7.780805243445693440e+17
6.210611735330836480e+17
2.589455499625467904e+19
8.787902621722846720e+17
7.350780274656678400e+17
3.042932800062421811e+19
3.218955181023720243e+19
1.155623595505617920e+18
2.030112359550561792e+18
2.011921972534332160e+18
5.029186673782771712e+19
4.054931335830212608e+18
4.074138576779026432e+19
8.285967540574281728e+18
4.321836454431960269e+19
5.028928214731585946e+19
1.087337078651685274e+19
2.284667915106117632e+19
1.299980571186017731e+20
2.616873283395755622e+19
3.265886392009987686e+19
3.184649188514357248e+19
4.137265917602997043e+19
4.540955056179775078e+19
4.171966292134830899e+19
5.933089887640449024e+19
5.455980024968788378e+19
1.536380149812734198e+20
1.911916978776529306e+20
1.955729712858926612e+20
5.112196803988764099e+20
2.605986891385767526e+20
1.728957310586766623e+20
1.525024739013732925e+20
2.512272052509363405e+20
3.205973556061174497e+20
3.173507839126091858e+20
1.237679151061173500e+15
3.227858616960050135e+20
3.227858616960050135e+20
1.374662628901373215e+20
3.150836454431960064e+18
2.643414481897628160e+18
1.169650129388264817e+20
5.395567060486891110e+19
1.300805243445692928e+18
1.069250936329587968e+18
3.205636308951311155e+19
7.780805243445693440e+17
6.210611735330836480e+17
2.589455499625467904e+19
7.449588014981274880e+17
7.350780274656678400e+17
3.042932800062421811e+19
3.218955181023720243e+19
1.003938826466916352e+18
2.034917602996254720e+18
2.011921972534332160e+18
5.029186673782771712e+19
3.966722846441948160e+18
4.074138576779026432e+19
8.285967540574281728e+18
7.516772073970037555e+19
5.028928214731585946e+19
1.148673161367040983e+20
2.284667915106117632e+19
1.299980571186017731e+20
2.616873283395755622e+19
3.265886392009987686e+19
3.184649188514357248e+19
4.137265917602997043e+19
4.540955056179775078e+19
4.171966292134830899e+19
5.933089887640449024e+19
5.455980024968788378e+19
1.536380149812734198e+20
1.911916978776529306e+20
1.955729712858926612e+20
5.112196803988764099e+20
2.605986891385767526e+20
1.525024739013732925e+20
1.481778727759051162e+20
2.307471685624219894e+20
3.173507839126091858e+20
2.833095794469413192e+20
1.056732833957553000e+15
2.906110851473158636e+20
2.906110851473158636e+20
1.402995962459425669e+20
3.190262172284644352e+18
2.643414481897628160e+18
1.130162056741572772e+20
6.284466792134831309e+19
1.300805243445692928e+18
1.069250936329587968e+18
3.702426631023720038e+19
6.536566791510611200e+17
6.248314606741573120e+17
3.455436476672909312e+19
7.449588014981274880e+17
2.470764107365792973e+19
1.332001872659175936e+18
1.192780274656679168e+18
1.003938826466916352e+18
2.034917602996254720e+18
2.058822097378277376e+18
4.365861423220974080e+18
3.966722846441948160e+18
8.073587293133583155e+19
8.285967540574281728e+18
6.670042983395755622e+19
5.028928214731585946e+19
1.345669638938826342e+20
2.326398252184769331e+19
1.691378594275905372e+20
2.616873283395755622e+19
3.265886392009987686e+19
3.184649188514357248e+19
4.137265917602997043e+19
4.540955056179775078e+19
4.171966292134830899e+19
5.933089887640449024e+19
5.455980024968788378e+19
1.536380149812734198e+20
2.261172908863920210e+20
1.955729712858926612e+20
4.330024698302122557e+20
2.605986891385767526e+20
1.481778727759051162e+20
1.898251893913857884e+20
1.898251893913857884e+20
2.833095794469413192e+20
2.625686259712859505e+20
1.056732833957553000e+15
2.570124764943820718e+20
1.566491664756554465e+20
1.566491664756554465e+20
3.190262172284644352e+18
2.920436953807740416e+18
5.751944947191012557e+19
2.179563046192259328e+18
1.300805243445692928e+18
1.069250936329587968e+18
4.307162877153557709e+19
6.536566791510611200e+17
6.248314606741573120e+17
2.640666537265917952e+19
7.449588014981274880e+17
2.470764107365792973e+19
1.332001872659175936e+18
1.192780274656679168e+18
2.662499589950062592e+19
2.034917602996254720e+18
2.058822097378277376e+18
4.365861423220974080e+18
3.966722846441948160e+18
7.055821995692883149e+19
8.518676654182272000e+18
7.398523275468164301e+19
1.362097378277153792e+19
1.061883196317103391e+20
2.326398252184769331e+19
1.600633275224719032e+20
2.616873283395755622e+19
3.265886392009987686e+19
3.184649188514357248e+19
4.137265917602997043e+19
2.325284830568040038e+20
4.171966292134830899e+19
5.933089887640449024e+19
5.455980024968788378e+19
1.536380149812734198e+20
2.261172908863920210e+20
1.955729712858926612e+20
5.452664966342072730e+20
2.605986891385767526e+20
1.313982202059925094e+20
1.856073463932584264e+20
1.898251893913857884e+20
2.625686259712859505e+20
1.974512614288389243e+20
2.743888437578028155e+20
2.743888437578028155e+20
1.348551370043695104e+20
1.348551370043695104e+20
2.643414481897628160e+18
1.168757356935081329e+20
5.174341307365792973e+19
2.179563046192259328e+18
1.244182272159800320e+18
4.370589300187266253e+19
3.854522433270911795e+19
6.536566791510611200e+17
6.248314606741573120e+17
2.528475527528089600e+19
8.119769038701623040e+17
2.470764107365792973e+19
1.209023720349562880e+18
1.192780274656679168e+18
3.319653734394506445e+19
2.034917602996254720e+18
2.058822097378277376e+18
4.365861423220974080e+18
3.966722846441948160e+18
7.513941773657926861e+19
8.518676654182272000e+18
1.000010403077403279e+20
1.362097378277153792e+19
9.917684144818977178e+19
2.326398252184769331e+19
1.445258829962546545e+20
1.035845630461922673e+20
3.265886392009987686e+19
3.184649188514357248e+19
4.137265917602997043e+19
2.635087664538077430e+20
8.233707865168538829e+19
5.933089887640449024e+19
5.455980024968788378e+19
9.165930087390760141e+19
2.261172908863920210e+20
1.955729712858926612e+20
4.794213030474406953e+20
2.605986891385767526e+20
1.313982202059925094e+20
1.856073463932584264e+20
1.856073463932584264e+20
2.316628882446941553e+20
1.612958216429462815e+20
2.743888437578028155e+20
2.743888437578028155e+20
1.155623635574282322e+20
3.150836454431960064e+18
2.643414481897628160e+18
1.168757356935081329e+20
5.174341307365792973e+19
1.831086142322097408e+18
1.244182272159800320e+18
4.370589300187266253e+19
7.780805243445693440e+17
6.520143570536828160e+17
5.720074906367041280e+17
2.528475527528089600e+19
8.119769038701623040e+17
2.470764107365792973e+19
1.209023720349562880e+18
1.192780274656679168e+18
3.319653734394506445e+19
1.937388888888888832e+18
1.928299001248439808e+18
4.365861423220974080e+18
4.172471910112359936e+18
7.513941773657926861e+19
8.518676654182272000e+18
1.000010403077403279e+20
1.362097378277153792e+19
9.917684144818977178e+19
2.326398252184769331e+19
2.545586766541823181e+19
1.035845630461922673e+20
3.265886392009987686e+19
3.142092384519351091e+19
4.137265917602997043e+19
2.635087664538077430e+20
8.233707865168538829e+19
5.933089887640449024e+19
5.455980024968788378e+19
9.165930087390760141e+19
2.261172908863920210e+20
1.955729712858926612e+20
4.794213030474406953e+20
2.605986891385767526e+20
1.129294170112359629e+20
1.773170537197253427e+20
2.316628882446941553e+20
1.974512614288389243e+20
1.468413965892634378e+20
2.488045685149812982e+20
2.488045685149812982e+20
1.235642365836454298e+20
3.150836454431960064e+18
2.643414481897628160e+18
1.153058129469413130e+20
5.442873431273409741e+19
1.831086142322097408e+18
1.244182272159800320e+18
4.479615935330836480e+19
7.780805243445693440e+17
6.520143570536828160e+17
3.605264605867664998e+19
2.043785349812734362e+19
8.119769038701623040e+17
5.644438202247191040e+17
1.209023720349562880e+18
1.153826466916354560e+18
2.866343763358302208e+19
1.937388888888888832e+18
1.928299001248439808e+18
4.069531835205991936e+18
4.172471910112359936e+18
8.410930087390761984e+18
8.518676654182272000e+18
9.556630587702871654e+19
1.362097378277153792e+19
1.044415843751560643e+20
2.326398252184769331e+19
2.545586766541823181e+19
1.035845630461922673e+20
3.312553682896379494e+19
3.142092384519351091e+19
4.137265917602997043e+19
2.491412259488140165e+20
8.233707865168538829e+19
5.933089887640449024e+19
5.455980024968788378e+19
9.165930087390760141e+19
2.261172908863920210e+20
1.955729712858926612e+20
4.483526298938826424e+20
2.605986891385767526e+20
9.595627343196005990e+19
1.539493875574282322e+20
1.974512614288389243e+20
1.612958216429462815e+20
1.135835993208489411e+20
2.137340234244693688e+20
2.137340234244693688e+20
1.235642365836454298e+20
3.150836454431960064e+18
2.643414481897628160e+18
1.056216614999999775e+20
5.150125594694131712e+19
1.831086142322097408e+18
1.069250936329587968e+18
3.809439114232209408e+19
7.780805243445693440e+17
6.520143570536828160e+17
3.703815002621722624e+19
8.214915106117354496e+18
7.350780274656678400e+17
5.644438202247191040e+17
1.209023720349562880e+18
1.153826466916354560e+18
3.433122225967540224e+19
1.937388888888888832e+18
1.928299001248439808e+18
4.069531835205991936e+18
4.172471910112359936e+18
8.410930087390761984e+18
8.518676654182272000e+18
6.867035639700375142e+19
1.362097378277153792e+19
1.018292249488139878e+20
2.326398252184769331e+19
2.545586766541823181e+19
1.035845630461922673e+20
3.312553682896379494e+19
3.142092384519351091e+19
4.180503121098626662e+19
2.484591685081148621e+20
8.233707865168538829e+19
5.933089887640449024e+19
5.455980024968788378e+19
9.165930087390760141e+19
2.261172908863920210e+20
1.955729712858926612e+20
4.317546274769038868e+20
2.605986891385767526e+20
8.351680049375779226e+19
1.167689727777777746e+20
1.612958216429462815e+20
1.468413965892634378e+20
1.866123191304619295e+20
2.137340234244693688e+20
1.866123191304619295e+20
1.100411432034956575e+20
3.190262172284644352e+18
2.920436953807740416e+18
9.260356948314606797e+19
4.773644932584270234e+19
1.831086142322097408e+18
1.069250936329587968e+18
4.019215233520599040e+19
6.536566791510611200e+17
6.210611735330836480e+17
2.942818634581773107e+19
8.787902621722846720e+17
7.350780274656678400e+17
3.654206553682896077e+19
3.218955181023720243e+19
1.153826466916354560e+18
3.650919876654181990e+19
1.937388888888888832e+18
3.831225290823969997e+19
4.069531835205991936e+18
4.172471910112359936e+18
8.410930087390761984e+18
8.356666666666667008e+18
1.374133583021223526e+19
1.362097378277153792e+19
2.030784644194756198e+19
2.261665418227215974e+19
2.545586766541823181e+19
1.035845630461922673e+20
3.312553682896379494e+19
3.142092384519351091e+19
4.180503121098626662e+19
1.919195929962546790e+20
8.233707865168538829e+19
5.933089887640449024e+19
5.455980024968788378e+19
9.165930087390760141e+19
2.261172908863920210e+20
1.955729712858926612e+20
4.066329046466917171e+20
2.605986891385767526e+20
8.351680049375779226e+19
1.167689727777777746e+20
1.612958216429462815e+20
1.135835993208489411e+20
1.866123191304619295e+20
1.866123191304619295e+20
1.100411432034956575e+20
8.830895067977528115e+19
3.190262172284644352e+18
9.260356948314606797e+19
9.260356948314606797e+19
4.909489282334582374e+19
1.300805243445692928e+18
1.069250936329587968e+18
3.053093002933832909e+19
6.536566791510611200e+17
6.210611735330836480e+17
2.942818634581773107e+19
8.787902621722846720e+17
7.350780274656678400e+17
3.654206553682896077e+19
3.218955181023720243e+19
1.153826466916354560e+18
3.650919876654181990e+19
1.771111735330836480e+18
3.831225290823969997e+19
4.069531835205991936e+18
4.172471910112359936e+18
8.410930087390761984e+18
8.356666666666667008e+18
1.374133583021223526e+19
4.823634831460673946e+19
2.030784644194756198e+19
2.261665418227215974e+19
2.545586766541823181e+19
1.035845630461922673e+20
3.312553682896379494e+19
3.142092384519351091e+19
4.180503121098626662e+19
1.751522664250936197e+20
8.233707865168538829e+19
5.933089887640449024e+19
5.455980024968788378e+19
9.165930087390760141e+19
2.261172908863920210e+20
1.955729712858926612e+20
4.066329046466917171e+20
2.605986891385767526e+20
7.941629791885143245e+19
9.507233602372034560e+19
1.468413965892634378e+20
9.012228872596755251e+19
1.435405310911360696e+20
1.435405310911360696e+20
8.830895067977528115e+19
8.275524710611735347e+19
3.190262172284644352e+18
8.926710863857677107e+19
8.926710863857677107e+19
2.179563046192259328e+18
1.300805243445692928e+18
3.955542421348315136e+19
3.194931760112359424e+19
6.536566791510611200e+17
6.210611735330836480e+17
2.336530406117353062e+19
8.787902621722846720e+17
7.350780274656678400e+17
1.803902311860174643e+19
3.218955181023720243e+19
1.153826466916354560e+18
2.030112359550561792e+18
1.771111735330836480e+18
4.257491209987516006e+19
4.079769038701623296e+18
4.454300873907615232e+18
7.660667915106117632e+18
8.356666666666667008e+18
1.374133583021223526e+19
4.823634831460673946e+19
2.030784644194756198e+19
2.261665418227215974e+19
2.545586766541823181e+19
1.035845630461922673e+20
3.312553682896379494e+19
3.142092384519351091e+19
4.180503121098626662e+19
2.228189245056179241e+20
8.233707865168538829e+19
5.933089887640449024e+19
5.455980024968788378e+19
9.165930087390760141e+19
2.261172908863920210e+20
1.955729712858926612e+20
3.645892273526841672e+20
2.605986891385767526e+20
6.253175287765293466e+19
9.070157186017479885e+19
1.135835993208489411e+20
7.739132859363296870e+19
1.265423794694132367e+20
1.265423794694132367e+20
8.275524710611735347e+19
7.091694164232209203e+19
3.190262172284644352e+18
7.627835175218475827e+19
4.485394453433208832e+19
1.831086142322097408e+18
1.300805243445692928e+18
3.637408880149812429e+19
2.122754812858926285e+19
6.536566791510611200e+17
6.210611735330836480e+17
1.280583793570536858e+19
8.787902621722846720e+17
7.350780274656678400e+17
1.814934842696629248e+19
3.218955181023720243e+19
1.155623595505617920e+18
2.030112359550561792e+18
1.771111735330836480e+18
2.850313332459425382e+19
4.079769038701623296e+18
4.454300873907615232e+18
7.660667915106117632e+18
8.356666666666667008e+18
1.374133583021223526e+19
4.823634831460673946e+19
2.030784644194756198e+19
2.261665418227215974e+19
2.545586766541823181e+19
1.035845630461922673e+20
3.312553682896379494e+19
3.142092384519351091e+19
4.180503121098626662e+19
1.729156617041198776e+20
8.233707865168538829e+19
5.933089887640449024e+19
5.455980024968788378e+19
9.165930087390760141e+19
2.261172908863920210e+20
1.955729712858926612e+20
2.936891205742822031e+20
2.605986891385767526e+20
5.162479717915105690e+19
9.012228872596755251e+19
9.012228872596755251e+19
7.739132859363296870e+19
1.038956932172284723e+20
1.038956932172284723e+20
7.091694164232209203e+19
6.161793404806491341e+19
2.643414481897628160e+18
6.893003426029962854e+19
4.547242200062423040e+19
1.831086142322097408e+18
1.244182272159800320e+18
3.003440897565542400e+19
1.871747947191011328e+19
6.520143570536828160e+17
6.248314606741573120e+17
1.736312630399500698e+19
7.449588014981274880e+17
2.470764107365792973e+19
1.246115996878901453e+19
3.218955181023720243e+19
1.155623595505617920e+18
2.030112359550561792e+18
1.771111735330836480e+18
3.877877023720348877e+19
4.079769038701623296e+18
4.454300873907615232e+18
7.660667915106117632e+18
8.356666666666667008e+18
1.374133583021223526e+19
4.823634831460673946e+19
2.030784644194756198e+19
2.261665418227215974e+19
2.569812109862671974e+19
3.063448189762796749e+19
3.312553682896379494e+19
3.142092384519351091e+19
4.180503121098626662e+19
1.742253006429463183e+20
8.233707865168538829e+19
6.440474406991260877e+19
5.455980024968788378e+19
9.165930087390760141e+19
2.261172908863920210e+20
1.955729712858926612e+20
3.107333686828964250e+20
2.605986891385767526e+20
5.162479717915105690e+19
9.012228872596755251e+19
7.739132859363296870e+19
7.739132859363296870e+19
1.038956932172284723e+20
1.038956932172284723e+20
6.161793404806491341e+19
3.150836454431960064e+18
2.643414481897628160e+18
6.893003426029962854e+19
4.547242200062423040e+19
1.831086142322097408e+18
1.244182272159800320e+18
3.003440897565542400e+19
1.871747947191011328e+19
6.520143570536828160e+17
6.248314606741573120e+17
1.736312630399500698e+19
7.449588014981274880e+17
2.470764107365792973e+19
1.246115996878901453e+19
1.192780274656679168e+18
1.155623595505617920e+18
2.034917602996254720e+18
1.771111735330836480e+18
3.159618803995006157e+19
4.079769038701623296e+18
4.454300873907615232e+18
7.660667915106117632e+18
8.356666666666667008e+18
1.496889513108614349e+19
4.823634831460673946e+19
2.030784644194756198e+19
2.261665418227215974e+19
2.569812109862671974e+19
3.063448189762796749e+19
3.312553682896379494e+19
1.026941071579275919e+20
4.180503121098626662e+19
1.742253006429463183e+20
8.233707865168538829e+19
6.440474406991260877e+19
5.455980024968788378e+19
9.165930087390760141e+19
2.261172908863920210e+20
1.955729712858926612e+20
3.107333686828964250e+20
2.605986891385767526e+20
2.914974784019975373e+19
7.739132859363296870e+19
7.739132859363296870e+19
8.514100890761548595e+19
8.514100890761548595e+19
8.514100890761548595e+19
6.161793404806491341e+19
3.190262172284644352e+18
4.782435107927590502e+19
4.782435107927590502e+19
3.779556575530586931e+19
1.831086142322097408e+18
1.244182272159800320e+18
3.077502246566791987e+19
1.270082103995006157e+19
6.520143570536828160e+17
6.248314606741573120e+17
1.303202294569288704e+19
7.449588014981274880e+17
2.470764107365792973e+19
2.238447412297128755e+19
1.192780274656679168e+18
1.155623595505617920e+18
2.034917602996254720e+18
2.011921972534332160e+18
2.076830987390761779e+19
4.079769038701623296e+18
3.754016663545567642e+19
7.660667915106117632e+18
4.321836454431960269e+19
1.496889513108614349e+19
4.823634831460673946e+19
2.110166666666666803e+19
2.261665418227215974e+19
2.569812109862671974e+19
3.063448189762796749e+19
3.312553682896379494e+19
1.179175696460674007e+20
4.180503121098626662e+19
1.433601662715355628e+20
8.233707865168538829e+19
6.440474406991260877e+19
5.525187265917603021e+19
9.165930087390760141e+19
2.261172908863920210e+20
1.955729712858926612e+20
2.701129124906367058e+20
2.605986891385767526e+20
