2.505252640785844480e+17
2.505252640785844480e+17
2.595277983359124800e+17
2.595277983359124800e+17
2.130401182653419520e+17
2.013726853409286080e+17
1.649779467282663040e+17
1.649779467282663040e+17
1.649779467282663040e+17
2.182778263697324000e+15
2.017804279082284750e+15
2.182778263697324000e+15
2.017565430935880750e+15
1.610543706594301750e+15
1.610543706594301750e+15
1.610543706594301750e+15
9.592836798313485000e+14
7.921211883349405000e+14
8.038159635784610000e+14
8.038159635784610000e+14
9.006582340936103750e+14
1.655433328100353500e+15
1.655433328100353500e+15
1.522645159119962000e+15
1.733546951041736750e+15
1.733546951041736750e+15
1.733546951041736750e+15
4.345898091457534500e+15
4.345898091457534500e+15
3.816084684563457000e+15
4.405219523499816500e+15
5.483985213094409000e+15
5.483985213094409000e+15
4.575031584770533000e+15
4.575031584770533000e+15
5.173206022412104000e+15
5.173206022412104000e+15
3.953931089132597000e+15
4.279138352508465625e+14
3.953931089132597000e+15
4.279138352508465625e+14
4.649489410691725000e+15
5.194446313365777000e+15
5.194446313365777000e+15
4.639337430008896000e+15
4.223229570820904500e+15
4.186656649248319500e+15
4.186656649248319500e+15
2.505252640785844480e+17
2.793017336114288000e+17
2.793017336114288000e+17
2.595277983359124800e+17
2.013726853409286080e+17
1.649779467282663040e+17
1.649779467282663040e+17
1.649779467282663040e+17
9.263254390096211200e+16
2.182778263697324000e+15
2.141578266687598500e+15
4.444330440243107200e+16
4.444330440243107200e+16
1.610543706594301750e+15
1.610543706594301750e+15
1.610543706594301750e+15
8.560590429627636250e+14
8.560590429627636250e+14
8.560590429627636250e+14
9.006582340936103750e+14
1.116957657718271375e+15
1.322357158342490750e+15
1.372888679569699500e+15
1.372888679569699500e+15
1.575467604117607250e+15
1.733546951041736750e+15
3.246972160547818500e+15
4.345898091457534500e+15
4.405219523499816500e+15
4.810695089222303000e+15
4.810695089222303000e+15
5.483985213094409000e+15
5.135635096847503000e+15
5.592698498134816000e+15
4.575031584770533000e+15
5.918387943214693000e+15
3.788626866117951000e+15
2.473732310659579500e+15
4.279138352508465625e+14
2.473732310659579500e+15
4.199750312109862000e+15
4.649489410691725000e+15
5.194446313365777000e+15
5.194446313365777000e+15
4.639337430008896000e+15
4.223229570820904500e+15
4.186656649248319500e+15
4.186656649248319500e+15
2.793017336114288000e+17
2.868557267487496320e+17
3.240784722689452160e+17
2.293950301643903040e+17
2.013726853409286080e+17
1.472999132820501440e+17
1.472999132820501440e+17
1.472999132820501440e+17
9.263254390096211200e+16
2.182778263697324000e+15
2.182778263697324000e+15
4.444330440243107200e+16
4.444330440243107200e+16
1.610543706594301750e+15
1.610543706594301750e+15
1.446911233712350500e+15
8.560590429627636250e+14
8.560590429627636250e+14
8.560590429627636250e+14
1.116957657718271375e+15
1.116957657718271375e+15
1.322357158342490750e+15
1.322357158342490750e+15
1.322357158342490750e+15
1.575467604117607250e+15
1.733546951041736750e+15
3.246972160547818500e+15
5.215841724790121000e+15
4.810695089222303000e+15
5.215841724790121000e+15
5.135635096847503000e+15
5.592698498134816000e+15
5.135635096847503000e+15
5.910276824627898000e+15
4.575031584770533000e+15
5.918387943214693000e+15
3.788626866117951000e+15
2.473732310659579500e+15
4.279138352508465625e+14
2.473732310659579500e+15
4.199750312109862000e+15
4.649489410691725000e+15
5.194446313365777000e+15
5.194446313365777000e+15
4.639337430008896000e+15
4.223229570820904500e+15
4.186656649248319500e+15
4.186656649248319500e+15
2.868557267487496320e+17
3.169337915928442880e+17
3.169337915928442880e+17
2.293950301643903040e+17
2.013726853409286080e+17
1.472999132820501440e+17
1.453506787922282880e+17
1.453506787922282880e+17
6.941192521324392800e+16
2.182778263697324000e+15
2.182778263697324000e+15
3.755718899280090400e+16
3.755718899280090400e+16
1.610543706594301750e+15
1.610543706594301750e+15
1.446911233712350500e+15
8.618997959137903750e+14
8.560590429627636250e+14
8.218775931283500000e+14
1.116957657718271375e+15
1.218099942437223000e+15
1.281310039097834250e+15
1.322357158342490750e+15
1.322357158342490750e+15
1.575467604117607250e+15
2.052679846299909750e+15
2.808951385618276500e+15
3.246972160547818500e+15
4.810695089222303000e+15
5.087990685296074000e+15
5.135635096847503000e+15
5.648375533577040000e+15
5.648375533577040000e+15
5.910276824627898000e+15
3.788626866117951000e+15
3.788626866117951000e+15
3.788626866117951000e+15
2.473732310659579500e+15
4.279138352508465625e+14
2.473732310659579500e+15
4.199750312109862000e+15
4.649489410691725000e+15
5.194446313365777000e+15
5.194446313365777000e+15
4.223229570820904500e+15
3.812855562283672000e+15
4.186656649248319500e+15
4.186656649248319500e+15
3.361031943603429120e+17
3.169337915928442880e+17
3.169337915928442880e+17
2.239876240029304960e+17
1.736704680526587200e+17
8.525774294108412800e+16
8.525774294108412800e+16
7.929362249284201600e+16
4.455527147951288000e+16
2.182778263697324000e+15
2.182778263697324000e+15
4.096787698012216500e+15
1.873007729858634500e+15
1.603273976391785750e+15
1.610543706594301750e+15
8.618997959137903750e+14
8.618997959137903750e+14
6.543033782622021250e+14
6.543033782622021250e+14
9.006582340936103750e+14
1.218099942437223000e+15
1.281310039097834250e+15
1.655433328100353500e+15
1.575467604117607250e+15
2.052679846299909750e+15
2.052679846299909750e+15
2.808951385618276500e+15
2.808951385618276500e+15
3.246972160547818500e+15
4.810695089222303000e+15
5.087990685296074000e+15
5.135635096847503000e+15
5.648375533577040000e+15
4.602480432393639000e+15
3.788626866117951000e+15
3.788626866117951000e+15
3.788626866117951000e+15
2.473732310659579500e+15
-3.161579462797251250e+14
2.473732310659579500e+15
4.199750312109862000e+15
4.649489410691725000e+15
5.194446313365777000e+15
5.194446313365777000e+15
4.223229570820904500e+15
3.812855562283672000e+15
4.186656649248319500e+15
4.186656649248319500e+15
3.361031943603429120e+17
3.169337915928442880e+17
2.811471663414743680e+17
1.736704680526587200e+17
8.525774294108412800e+16
8.525774294108412800e+16
8.525774294108412800e+16
6.941192521324392800e+16
2.182778263697324000e+15
2.182778263697324000e+15
4.096787698012216500e+15
4.096787698012216500e+15
1.873007729858634500e+15
1.603273976391785750e+15
1.446911233712350500e+15
8.618997959137903750e+14
7.921211883349405000e+14
6.543033782622021250e+14
6.543033782622021250e+14
9.006582340936103750e+14
1.218099942437223000e+15
1.281310039097834250e+15
1.655433328100353500e+15
1.575467604117607250e+15
2.052679846299909750e+15
2.052679846299909750e+15
2.808951385618276500e+15
2.808951385618276500e+15
3.246972160547818500e+15
1.876210126563352250e+15
5.087990685296074000e+15
4.574446612393190000e+15
5.648375533577040000e+15
4.602480432393639000e+15
4.825846434471880000e+15
4.825846434471880000e+15
4.825846434471880000e+15
2.473732310659579500e+15
-3.161579462797251250e+14
2.473732310659579500e+15
3.166672273430666500e+15
4.199750312109862000e+15
4.738780865235820000e+15
4.738780865235820000e+15
4.223229570820904500e+15
3.812855562283672000e+15
4.186656649248319500e+15
4.186656649248319500e+15
2.811471663414743680e+17
2.811471663414743680e+17
1.736704680526587200e+17
1.400804757526145920e+17
5.496250943805273600e+16
5.496250943805273600e+16
4.455527147951288000e+16
2.002737409076977000e+15
2.141578266687598500e+15
2.141578266687598500e+15
2.141578266687598500e+15
1.603273976391785750e+15
1.873007729858634500e+15
1.570606913513796000e+15
7.921211883349405000e+14
7.921211883349405000e+14
7.921211883349405000e+14
3.993879282633235000e+14
3.993879282633235000e+14
9.006582340936103750e+14
1.218099942437223000e+15
1.281310039097834250e+15
1.655433328100353500e+15
1.575467604117607250e+15
2.052679846299909750e+15
2.259841552849357500e+15
2.808951385618276500e+15
2.934277512390948000e+15
3.930118414855681500e+15
-5.797001502612752000e+15
5.087990685296074000e+15
-1.274124036571052600e+16
5.648375533577040000e+15
5.910276824627898000e+15
5.910276824627898000e+15
5.080853274723960000e+15
4.825846434471880000e+15
2.473732310659579500e+15
7.096331681206873750e+14
2.473732310659579500e+15
3.166672273430666500e+15
4.199750312109862000e+15
4.738780865235820000e+15
4.738780865235820000e+15
4.223229570820904500e+15
3.812855562283672000e+15
4.186656649248319500e+15
4.186656649248319500e+15
2.409967630282505920e+17
1.671039942586736640e+17
1.400804757526145920e+17
5.496250943805273600e+16
-8.555017306211545600e+16
-8.555017306211545600e+16
-2.923781650182780400e+16
-2.210578842315368750e+15
2.002737409076977000e+15
2.002737409076977000e+15
2.141578266687598500e+15
1.570606913513796000e+15
1.570606913513796000e+15
1.570606913513796000e+15
7.921211883349405000e+14
7.921211883349405000e+14
7.921211883349405000e+14
3.993879282633235000e+14
3.993879282633235000e+14
9.006582340936103750e+14
1.266748151636801500e+15
1.395497020939394500e+15
1.395497020939394500e+15
1.395497020939394500e+15
1.727398760531371750e+15
2.259841552849357500e+15
2.934277512390948000e+15
3.930118414855681500e+15
3.972670763342229000e+15
3.972670763342229000e+15
5.087990685296074000e+15
-1.739876053137171200e+16
5.648375533577040000e+15
5.910276824627898000e+15
5.910276824627898000e+15
5.080853274723960000e+15
4.825846434471880000e+15
2.473732310659579500e+15
7.096331681206873750e+14
2.473732310659579500e+15
3.166672273430666500e+15
4.199750312109862000e+15
4.738780865235820000e+15
4.738780865235820000e+15
4.223229570820904500e+15
3.812855562283672000e+15
4.186656649248319500e+15
4.186656649248319500e+15
1.189576072573952960e+17
5.496250943805273600e+16
-6.209864914366024000e+15
-9.012807717897537600e+16
-9.012807717897537600e+16
-8.555017306211545600e+16
-8.555017306211545600e+16
-8.555017306211545600e+16
2.002737409076977000e+15
2.002737409076977000e+15
-3.129136857371398400e+16
-3.129136857371398400e+16
1.446911233712350500e+15
1.446911233712350500e+15
7.921211883349405000e+14
7.921211883349405000e+14
7.921211883349405000e+14
8.038159635784610000e+14
8.038159635784610000e+14
9.006582340936103750e+14
1.266748151636801500e+15
1.395497020939394500e+15
1.395497020939394500e+15
1.395497020939394500e+15
1.727398760531371750e+15
2.259841552849357500e+15
2.934277512390948000e+15
3.930118414855681500e+15
3.972670763342229000e+15
3.972670763342229000e+15
5.087990685296074000e+15
4.205229989459283000e+15
5.648375533577040000e+15
5.910276824627898000e+15
5.910276824627898000e+15
5.080853274723960000e+15
4.825846434471880000e+15
3.459261252775348000e+15
7.096331681206873750e+14
3.166672273430666500e+15
3.166672273430666500e+15
4.199750312109862000e+15
4.738780865235820000e+15
4.738780865235820000e+15
4.223229570820904500e+15
3.812855562283672000e+15
4.186656649248319500e+15
4.186656649248319500e+15
5.360911136528439000e+15
-6.209864914366024000e+15
-9.012807717897537600e+16
-1.888667421710885120e+17
-1.888667421710885120e+17
-1.888667421710885120e+17
-1.888667421710885120e+17
-1.224599116373993760e+17
2.002737409076977000e+15
2.002737409076977000e+15
-1.467134457676407360e+17
-9.615319921953843200e+16
1.446911233712350500e+15
1.446911233712350500e+15
8.618997959137903750e+14
8.560590429627636250e+14
8.560590429627636250e+14
8.038159635784610000e+14
8.038159635784610000e+14
8.826276286378552500e+14
1.116957657718271375e+15
1.322357158342490750e+15
1.322357158342490750e+15
1.395497020939394500e+15
-7.052383996052837600e+16
1.900533763932808000e+15
2.934277512390948000e+15
3.930118414855681500e+15
3.930118414855681500e+15
3.972670763342229000e+15
4.599635934124260000e+15
4.599635934124260000e+15
5.149309994243722000e+15
5.149309994243722000e+15
5.149309994243722000e+15
5.080853274723960000e+15
4.825846434471880000e+15
3.459261252775348000e+15
7.096331681206873750e+14
3.166672273430666500e+15
3.166672273430666500e+15
4.199750312109862000e+15
4.738780865235820000e+15
4.738780865235820000e+15
4.223229570820904500e+15
3.812855562283672000e+15
4.186656649248319500e+15
4.186656649248319500e+15
-9.730548266762355200e+16
-9.730548266762355200e+16
-2.502675043172082880e+17
-2.502675043172082880e+17
-2.502675043172082880e+17
-1.888667421710885120e+17
-2.278547586474989440e+17
-2.278547586474989440e+17
-1.706410213281302080e+17
-1.706410213281302080e+17
-1.706410213281302080e+17
-1.467134457676407360e+17
1.446911233712350500e+15
1.446911233712350500e+15
8.618997959137903750e+14
8.560590429627636250e+14
8.560590429627636250e+14
8.038159635784610000e+14
8.038159635784610000e+14
8.038159635784610000e+14
1.116957657718271375e+15
1.322357158342490750e+15
1.322357158342490750e+15
1.395497020939394500e+15
-7.052383996052837600e+16
1.900533763932808000e+15
2.934277512390948000e+15
3.924153565528119500e+15
3.793824336346035000e+15
3.972670763342229000e+15
4.599635934124260000e+15
4.599635934124260000e+15
5.116499211315198000e+15
5.149309994243722000e+15
5.149309994243722000e+15
5.080853274723960000e+15
4.825846434471880000e+15
3.459261252775348000e+15
7.096331681206873750e+14
3.166672273430666500e+15
3.166672273430666500e+15
4.199750312109862000e+15
4.738780865235820000e+15
4.738780865235820000e+15
4.223229570820904500e+15
3.812855562283672000e+15
4.186656649248319500e+15
4.186656649248319500e+15
-1.844844954286184000e+17
-2.502675043172082880e+17
-4.200358141395112320e+17
-4.200358141395112320e+17
-4.200358141395112320e+17
-3.567814745041751040e+17
-3.567814745041751040e+17
-3.165512420851180800e+17
-2.330948029035561600e+17
-1.706410213281302080e+17
-2.276829113308962240e+17
1.570606913513796000e+15
1.570606913513796000e+15
-9.149724894779726400e+16
-9.149724894779726400e+16
8.560590429627636250e+14
8.560590429627636250e+14
8.038159635784610000e+14
8.038159635784610000e+14
8.038159635784610000e+14
1.116957657718271375e+15
1.322357158342490750e+15
1.372888679569699500e+15
1.522645159119962000e+15
1.522645159119962000e+15
1.900533763932808000e+15
3.628690185172725000e+15
3.793824336346035000e+15
3.628690185172725000e+15
3.793824336346035000e+15
4.599635934124260000e+15
4.599635934124260000e+15
5.116499211315198000e+15
5.149309994243722000e+15
5.149309994243722000e+15
5.080853274723960000e+15
4.825846434471880000e+15
3.459261252775348000e+15
7.096331681206873750e+14
3.166672273430666500e+15
3.166672273430666500e+15
4.199750312109862000e+15
4.738780865235820000e+15
4.738780865235820000e+15
4.223229570820904500e+15
3.812855562283672000e+15
4.186656649248319500e+15
4.186656649248319500e+15
-4.301119278297338240e+17
-4.301119278297338240e+17
-5.965876131631866880e+17
-5.965876131631866880e+17
-5.965876131631866880e+17
-4.716668535588000000e+17
-4.716668535588000000e+17
-4.044937465892184960e+17
-3.073152758154103680e+17
-2.330948029035561600e+17
-2.330948029035561600e+17
1.570606913513796000e+15
1.570606913513796000e+15
-1.528004477935514880e+17
-1.528004477935514880e+17
8.560590429627636250e+14
8.560590429627636250e+14
8.038159635784610000e+14
8.038159635784610000e+14
8.038159635784610000e+14
1.116957657718271375e+15
1.322357158342490750e+15
1.372888679569699500e+15
1.522645159119962000e+15
1.522645159119962000e+15
1.900533763932808000e+15
3.628690185172725000e+15
3.793824336346035000e+15
3.628690185172725000e+15
3.793824336346035000e+15
4.599635934124260000e+15
4.599635934124260000e+15
5.116499211315198000e+15
5.149309994243722000e+15
5.149309994243722000e+15
5.080853274723960000e+15
4.825846434471880000e+15
3.459261252775348000e+15
7.096331681206873750e+14
3.166672273430666500e+15
3.166672273430666500e+15
4.199750312109862000e+15
4.738780865235820000e+15
4.738780865235820000e+15
4.223229570820904500e+15
3.812855562283672000e+15
4.186656649248319500e+15
4.186656649248319500e+15
-5.965876131631866880e+17
-5.965876131631866880e+17
-5.965876131631866880e+17
-6.377854403552445440e+17
-6.377854403552445440e+17
-5.912826967787271680e+17
-4.925768313560145280e+17
-4.044937465892184960e+17
-3.073152758154103680e+17
-3.284589435361486080e+17
-3.284589435361486080e+17
1.570606913513796000e+15
1.570606913513796000e+15
-2.032908153729993280e+17
-2.032908153729993280e+17
6.543033782622021250e+14
6.543033782622021250e+14
6.543033782622021250e+14
8.218775931283500000e+14
8.218775931283500000e+14
1.218099942437223000e+15
1.322357158342490750e+15
1.372888679569699500e+15
1.522645159119962000e+15
1.522645159119962000e+15
1.900533763932808000e+15
3.628690185172725000e+15
3.793824336346035000e+15
3.628690185172725000e+15
3.793824336346035000e+15
4.599635934124260000e+15
4.599635934124260000e+15
5.116499211315198000e+15
5.149309994243722000e+15
5.149309994243722000e+15
5.080853274723960000e+15
4.012581578416201500e+15
3.459261252775348000e+15
7.096331681206873750e+14
3.166672273430666500e+15
3.166672273430666500e+15
3.993432610434562000e+15
4.738780865235820000e+15
4.738780865235820000e+15
4.223229570820904500e+15
3.812855562283672000e+15
4.186656649248319500e+15
4.186656649248319500e+15
-7.697499018816299520e+17
-7.697499018816299520e+17
-7.795599269625542400e+17
-7.597547283709734400e+17
-7.597547283709734400e+17
-6.377854403552445440e+17
-5.912826967787271680e+17
-4.712006324429791360e+17
-3.890546248327315200e+17
-3.890546248327315200e+17
-3.726718473166026880e+17
1.570606913513796000e+15
1.570606913513796000e+15
-2.463198696240477440e+17
-2.463198696240477440e+17
6.543033782622021250e+14
6.543033782622021250e+14
6.543033782622021250e+14
8.218775931283500000e+14
8.218775931283500000e+14
1.218099942437223000e+15
1.281310039097834250e+15
1.372888679569699500e+15
1.575467604117607250e+15
1.575467604117607250e+15
1.900533763932808000e+15
3.628690185172725000e+15
3.793824336346035000e+15
3.628690185172725000e+15
3.793824336346035000e+15
4.665752764134652000e+15
4.665752764134652000e+15
5.116499211315198000e+15
5.149309994243722000e+15
5.149309994243722000e+15
5.080853274723960000e+15
4.012581578416201500e+15
3.459261252775348000e+15
-1.192888567434419360e+17
3.166672273430666500e+15
3.166672273430666500e+15
3.993432610434562000e+15
4.738780865235820000e+15
4.738780865235820000e+15
4.223229570820904500e+15
3.812855562283672000e+15
4.186656649248319500e+15
4.186656649248319500e+15
-7.795599269625542400e+17
-7.795599269625542400e+17
-7.795599269625542400e+17
-7.597547283709734400e+17
-7.597547283709734400e+17
-6.377854403552445440e+17
-5.912826967787271680e+17
-4.712006324429791360e+17
-3.890546248327315200e+17
-4.450616370255744000e+17
-3.890546248327315200e+17
1.570606913513796000e+15
1.570606913513796000e+15
-2.561887461032989760e+17
-2.561887461032989760e+17
6.543033782622021250e+14
6.543033782622021250e+14
6.543033782622021250e+14
8.218775931283500000e+14
8.218775931283500000e+14
1.218099942437223000e+15
1.281310039097834250e+15
1.372888679569699500e+15
1.575467604117607250e+15
1.575467604117607250e+15
1.733546951041736750e+15
-1.422655998863695520e+17
3.793824336346035000e+15
3.793824336346035000e+15
3.816084684563457000e+15
4.665752764134652000e+15
4.665752764134652000e+15
5.116499211315198000e+15
5.149309994243722000e+15
5.149309994243722000e+15
5.080853274723960000e+15
4.012581578416201500e+15
3.459261252775348000e+15
-1.203926977505662720e+17
3.166672273430666500e+15
3.166672273430666500e+15
3.993432610434562000e+15
4.426745759417494500e+15
4.426745759417494500e+15
4.223229570820904500e+15
3.812855562283672000e+15
4.186656649248319500e+15
4.186656649248319500e+15
