-5.104762904191616663e+29
-5.009724365269459941e+29
-9.291169580838322236e+30
-1.086014844311377267e+31
-9.342196682634730148e+30
-6.887468922155688204e+30
-5.643917580838323536e+30
-5.785849156886226949e+30
-5.104762904191616663e+29
-1.405686622754490871e+31
-2.322020011976048249e+31
-2.656696395209580767e+31
-2.340300083832334661e+31
-1.897304508982036007e+31
-2.657089095808383607e+31
-1.820151922155688307e+31
-5.104762904191616663e+29
-2.710949071856287190e+31
-3.592362838323352837e+31
-3.927710970059880327e+31
-3.702162353293412686e+31
-3.104164371257484695e+31
-3.446504958083832158e+31
-3.475596826347305073e+31
-5.009724365269459941e+29
-4.463874676646706392e+31
-7.252941736526944911e+31
-7.431966646706586804e+31
-5.979472952095808252e+31
-5.636194670658682033e+31
-6.711722754491018034e+31
-8.106411197604788658e+31
-4.463874676646706392e+31
-7.535871880239519701e+31
-7.832206281437125931e+31
-1.048489656287424853e+32
-8.333569706586823940e+31
-8.814190538922155461e+31
-9.962752874251496229e+31
-1.229117514970059697e+32
-7.304694544910178722e+31
-9.368809904191616920e+31
-1.138080694011975931e+32
-1.227657415568862259e+32
-1.474526634730538817e+32
-1.405929958083832255e+32
-1.981517562874251233e+32
-2.483218203592814248e+32
-8.696050778443111246e+31
-1.369021859880239549e+32
-1.273593093413173485e+32
-1.862219712574850337e+32
-1.885803802395209757e+32
-1.727340455089820419e+32
-2.723092808383233026e+32
-4.029072095808382395e+32
-1.386569596407185434e+32
-1.779366894610778265e+32
-1.789508207185628714e+32
-8.559180826347305265e+31
-2.470185922155688527e+32
-2.975548491017963972e+32
-3.951197742514969577e+32
-6.268090059880238354e+32
