-5.763170142700328719e+34
-1.373614928649835209e+34
-1.978878155872667474e+34
-9.354206366630075643e+33
-3.631328210757409530e+33
-2.144792535675082125e+33
-3.038906695938528981e+33
-1.788570801317233775e+33
-1.121567508232711067e+33
-3.900270032930844965e+32
-6.560748627881449057e+32
-1.399874862788144874e+32
-1.180957189901207353e+32
-5.447398463227222914e+31
-3.085137211855104073e+31
-5.579692645444565784e+31
-2.189859934138309670e+34
-1.976941822173435454e+34
-8.887490669593851010e+33
-1.122265642151481785e+34
-1.137602634467617887e+34
-1.701533040614709186e+34
-1.592601536772777183e+34
-1.595694840834247925e+33
-3.975486278814489323e+33
-1.135497255762898017e+33
-5.416825466520308204e+32
-2.105481888035126379e+32
-1.323495060373216334e+32
-4.853413830954995219e+31
-6.510757409440176069e+31
-1.260041712403951625e+33
-3.955008781558726392e+34
-2.538340285400658224e+34
-1.052083205268935247e+34
-2.494737650933040474e+34
-6.191317233809000828e+33
-6.392160263446760877e+33
-2.416832052689352293e+33
-1.595694840834247925e+33
-8.724408342480791088e+33
-6.023145993413831137e+33
-5.416825466520308204e+32
-4.144562019758507284e+33
-1.323495060373216334e+32
-2.094351262349067092e+33
-1.750728869374313748e+33
-2.760430296377607447e+33
-9.992911086717892462e+34
-1.872208562019758333e+34
-1.424482985729967200e+34
-4.092823271130625123e+34
-1.382619099890230663e+34
-1.281027442371020491e+34
-2.416832052689352293e+33
-8.010140504939626719e+33
-2.478834248079033992e+34
-6.441251372118551611e+33
-7.481795828759604614e+32
-6.376399560922063196e+33
-8.474002195389680645e+31
-3.374375411635565812e+33
-3.581580680570801973e+33
-2.483787047200878048e+33
-7.406410537870470936e+34
-4.481661909989023035e+34
-1.537530186608122776e+34
-3.665806805708013783e+34
-1.117552140504939636e+34
-2.063192096597145849e+34
-1.305881888035126352e+34
-8.815653128430295487e+33
-1.331468715697036332e+33
-1.139074423710208638e+33
-7.481795828759604614e+32
-8.731262349066959502e+33
-8.474002195389680645e+31
-4.078476399560921558e+33
-3.962862788144896416e+33
-3.821793633369923622e+33
-5.534834248079033023e+34
-5.902417124039516603e+34
-1.267031833150384223e+34
-4.254603512623490787e+34
-2.105437980241492751e+34
-3.642966630076837780e+34
-1.591264544456641024e+34
-1.461084522502744060e+34
-1.331468715697036332e+33
-6.707914379802414414e+32
-1.085543358946212880e+34
-2.419984632272227851e+34
-3.328715697036223766e+34
-2.254803512623491034e+34
-1.421978924259055927e+34
-3.247422612513720409e+33
-3.661124039517014586e+34
-4.806812513721184660e+34
-3.306392974753018250e+34
-4.011190559824368437e+34
-3.763532381997803580e+34
-5.095759604829856509e+34
-1.706133918770581855e+34
-2.843197585071350019e+34
-1.331468715697036332e+33
-6.707914379802414414e+32
-4.396805708013171489e+34
-4.643220636663007711e+34
-3.651802414928649705e+34
-2.176198463227222715e+34
-1.089637980241492662e+34
-4.651409440175631024e+33
-2.965429198682766036e+34
-6.123393194291987134e+34
-4.899477497255762693e+34
-3.722380461031833075e+34
-2.474884742041712571e+34
-1.454473984632272238e+34
-3.932816684961581189e+34
-1.843776070252469751e+33
-3.421533918770582034e+34
-4.246225686059275485e+34
-4.217396267837540739e+34
-4.206301427003293263e+34
-3.372781558726674086e+34
-1.867092645444566350e+34
-1.412200878155872632e+34
-6.213598243688254206e+33
-6.663352360043906907e+34
-7.771778265642150173e+34
-5.161747530186608671e+34
-1.147106476399560717e+34
-5.085750164654226264e+34
-1.717394072447859441e+34
-2.827248079034028186e+34
-1.843776070252469751e+33
-3.285535894621295552e+34
-3.557175850713500832e+34
-5.511883644346871914e+34
-2.915277716794731013e+34
-3.047128430296377543e+34
-1.754803512623490542e+34
-1.163670252469813289e+34
-1.426973216245883361e+34
-8.691189901207462962e+34
-6.255716136114160153e+34
-4.998682766190999065e+34
-2.019642151481887808e+34
-3.793034687156970426e+34
-1.124340285400658472e+34
-1.036867178924259028e+34
-4.006187047200877979e+34
-2.884973435784851577e+34
-3.160279473106476403e+34
-6.049244785949505397e+34
-2.709444566410537637e+34
-2.855769045005488576e+34
-1.229290230515916309e+34
-1.149279034028539959e+34
-8.284114160263447474e+33
-9.230768386388583087e+34
-5.503049396267837506e+34
-6.044603732162457876e+34
-4.631569703622393566e+34
-4.863676838638857965e+34
-4.645527552140505005e+34
-1.442129527991218339e+34
-4.006187047200877979e+34
-4.044379802414928821e+34
-3.160279473106476403e+34
-4.834397365532382131e+34
-3.663268276619099513e+34
-2.182823271130625556e+34
-2.018823051591657351e+34
-1.347164873765093306e+34
-5.728103183315038827e+33
-8.575565312843028520e+34
-6.590366410537869579e+34
-5.212515257958287626e+34
-4.069846761800218799e+34
-4.703751042810098717e+34
-4.892117892425904559e+34
-3.521587047200877932e+34
-3.532625027442370670e+34
-3.640635345773875093e+34
-2.923433589462128960e+34
-4.165477497255762005e+34
-2.774693304061470832e+34
-2.182823271130625556e+34
-1.474314160263446639e+34
-1.347164873765093306e+34
-5.728103183315038827e+33
-1.181635565312843049e+35
-6.590366410537869579e+34
-5.646612513721185007e+34
-5.187733699231613683e+34
-1.024818880351262582e+34
-3.794400658616904298e+34
-3.898703402854006836e+34
-3.767158726673984411e+34
-3.640635345773875093e+34
-4.698480790340285117e+34
-8.331042810098791555e+32
-2.774693304061470832e+34
-2.714107793633370098e+34
-1.986170801317233728e+34
-9.911765093304063081e+33
-7.414193194291986790e+33
-1.338042810098792610e+35
-1.636202195389681740e+34
-5.646612513721185007e+34
-4.975802195389681410e+34
-4.616346871569703077e+34
-3.748418660812293705e+34
-3.225390559824368791e+34
-3.656258616904500842e+34
-6.052250274423709805e+32
-3.875889791437979909e+34
-8.331042810098791555e+32
-2.774693304061470832e+34
-2.286663007683864399e+34
-1.465668496158068199e+34
-9.911765093304063081e+33
-7.216289791437979437e+33
-1.338042810098792610e+35
-1.197943139407244744e+34
-5.444849615806804867e+34
-3.672728869374313381e+34
-3.348667398463226958e+34
-3.748418660812293705e+34
-3.197178704720088001e+34
-3.656258616904500842e+34
-6.052250274423709805e+32
-6.282590559824368965e+32
-8.331042810098791555e+32
-4.058109769484083097e+34
-2.286663007683864399e+34
-1.465668496158068199e+34
-1.005253128430296369e+34
-7.216289791437979437e+33
-1.304127552140504927e+35
-1.008652469813391850e+34
-6.331776070252470074e+34
-3.189477058177826401e+34
-2.736898353457738428e+34
-1.933082327113062771e+33
-3.197178704720088001e+34
-8.752777167947309393e+32
-3.280311745334796841e+34
-1.076158068057079913e+33
-4.572609220636662724e+34
-4.058109769484083097e+34
-2.202336333699231369e+34
-1.465668496158068199e+34
-1.005253128430296369e+34
-7.216289791437979437e+33
